0 0.77 0.3983333333333333 0.02 0.02666666666666667
1 0.61 0.06833333333333333 0.02 0.02666666666666667
1 0.61 0.4533333333333333 0.02 0.02666666666666667
2 0.01 0.7833333333333333 0.02 0.02666666666666667
2 0.97 0.7833333333333333 0.02 0.02666666666666667
2 0.53 0.12333333333333334 0.02 0.02666666666666667
2 0.77 0.5083333333333333 0.02 0.02666666666666667
2 0.93 0.7833333333333333 0.02 0.02666666666666667
2 0.29 0.23333333333333334 0.02 0.02666666666666667
3 0.65 0.79 0.02 0.04
3 0.89 0.79 0.02 0.04
3 0.41 0.185 0.02 0.04
3 0.73 0.185 0.02 0.04
3 0.97 0.185 0.02 0.04
3 0.41 0.295 0.02 0.04
3 0.93 0.955 0.02 0.04
3 0.37 0.295 0.02 0.04
3 0.61 0.35 0.02 0.04
3 0.81 0.46 0.02 0.04
3 0.29 0.075 0.02 0.04
3 0.21 0.845 0.02 0.04
4 0.77 0.9066666666666666 0.02 0.05333333333333334
4 0.29 0.13666666666666666 0.02 0.05333333333333334
4 0.33 0.7416666666666667 0.02 0.05333333333333334
4 0.85 0.8516666666666667 0.02 0.05333333333333334
4 0.13 0.9066666666666666 0.02 0.05333333333333334
4 0.29 0.6866666666666666 0.02 0.05333333333333334
4 0.25 0.24666666666666667 0.02 0.05333333333333334
4 0.17 0.7416666666666667 0.02 0.05333333333333334
4 0.93 0.7416666666666667 0.02 0.05333333333333334
4 0.73 0.9066666666666666 0.02 0.05333333333333334
4 0.25 0.3016666666666667 0.02 0.05333333333333334
4 0.65 0.4666666666666667 0.02 0.05333333333333334
4 0.05 0.7416666666666667 0.02 0.05333333333333334
4 0.57 0.9066666666666666 0.02 0.05333333333333334
4 0.65 0.9066666666666666 0.02 0.05333333333333334
4 0.49 0.08166666666666667 0.02 0.05333333333333334
4 0.57 0.9616666666666667 0.02 0.05333333333333334
4 0.17 0.3566666666666667 0.02 0.05333333333333334
4 0.53 0.9616666666666667 0.02 0.05333333333333334
4 0.33 0.7966666666666666 0.02 0.05333333333333334
4 0.53 0.3566666666666667 0.02 0.05333333333333334
4 0.37 0.19166666666666668 0.02 0.05333333333333334
4 0.41 0.6316666666666667 0.02 0.05333333333333334
4 0.97 0.5216666666666666 0.02 0.05333333333333334
4 0.65 0.9616666666666667 0.02 0.05333333333333334
4 0.49 0.7966666666666666 0.02 0.05333333333333334
4 0.89 0.4116666666666667 0.02 0.05333333333333334
4 0.93 0.5216666666666666 0.02 0.05333333333333334
4 0.41 0.9616666666666667 0.02 0.05333333333333334
4 0.89 0.3016666666666667 0.02 0.05333333333333334
4 0.65 0.6183333333333333 0.02 0.02666666666666667
4 0.45 0.3433333333333333 0.02 0.02666666666666667
4 0.37 0.8383333333333334 0.02 0.02666666666666667
4 0.65 0.28833333333333333 0.02 0.02666666666666667
4 0.85 0.6183333333333333 0.02 0.02666666666666667
4 0.13 0.4533333333333333 0.02 0.02666666666666667
4 0.81 0.3983333333333333 0.02 0.02666666666666667
4 0.57 0.28833333333333333 0.02 0.02666666666666667
4 0.49 0.9483333333333334 0.02 0.02666666666666667
4 0.49 0.3433333333333333 0.02 0.02666666666666667
4 0.25 0.3983333333333333 0.02 0.02666666666666667
4 0.65 0.23333333333333334 0.02 0.02666666666666667
4 0.73 0.013333333333333334 0.02 0.02666666666666667
4 0.37 0.3433333333333333 0.02 0.02666666666666667
5 0.77 0.7975 0.02 0.055
5 0.21 0.9075 0.02 0.055
5 0.94 0.3983333333333333 0.04 0.02666666666666667
5 0.7 0.17833333333333334 0.04 0.02666666666666667
6 0.09 0.9483333333333334 0.02 0.02666666666666667
6 0.01 0.9483333333333334 0.02 0.02666666666666667
7 0.73 0.5633333333333334 0.02 0.02666666666666667
7 0.33 0.8383333333333334 0.02 0.02666666666666667
7 0.01 0.23333333333333334 0.02 0.02666666666666667