0 0.82125 0.20333333333333334 0.0275 0.03666666666666667
0 0.1575 0.14333333333333334 0.03 0.04
0 0.10625 0.94 0.0225 0.03
0 0.25125 0.018333333333333333 0.0275 0.03666666666666667
0 0.72625 0.9433333333333334 0.0275 0.03666666666666667
0 0.25125 0.20333333333333334 0.0275 0.03666666666666667
0 0.2025 0.20166666666666666 0.025 0.03333333333333333
0 0.53625 0.20333333333333334 0.0275 0.03666666666666667
0 0.06 0.325 0.025 0.03333333333333333
0 0.87 0.6983333333333334 0.03 0.04
1 0.1525 0.7533333333333333 0.02 0.02666666666666667
1 0.82125 0.265 0.0275 0.03666666666666667
1 0.9175 0.8216666666666667 0.03 0.04
1 0.44 0.20166666666666666 0.025 0.03333333333333333
1 0.34625 0.08 0.0275 0.03666666666666667
1 0.3 0.76 0.03 0.04
1 0.34375 0.5083333333333333 0.0225 0.03
1 0.86625 0.94 0.0225 0.03
1 0.44125 0.3883333333333333 0.0275 0.03666666666666667
1 0.77125 0.6933333333333334 0.0225 0.03
1 0.205 0.45166666666666666 0.03 0.04
1 0.535 0.07833333333333334 0.025 0.03333333333333333
1 0.25 0.325 0.025 0.03333333333333333
1 0.01375 0.20333333333333334 0.0275 0.03666666666666667
1 0.53625 0.32666666666666666 0.0275 0.03666666666666667
1 0.3925 0.88 0.025 0.03333333333333333
1 0.8675 0.7566666666666667 0.025 0.03333333333333333
1 0.63 0.016666666666666666 0.025 0.03333333333333333
1 0.3 0.45166666666666666 0.03 0.04
1 0.535 0.8183333333333334 0.025 0.03333333333333333
2 0.535 0.695 0.025 0.03333333333333333
2 0.58375 0.82 0.0275 0.03666666666666667
2 0.91625 0.32666666666666666 0.0275 0.03666666666666667
2 0.8675 0.6333333333333333 0.025 0.03333333333333333
2 0.725 0.6333333333333333 0.025 0.03333333333333333
2 0.015 0.14333333333333334 0.03 0.04
2 0.06 0.38666666666666666 0.025 0.03333333333333333
2 0.11 0.76 0.03 0.04
2 0.395 0.45166666666666666 0.03 0.04
2 0.6325 0.39 0.03 0.04
2 0.05875 0.44666666666666666 0.0225 0.03
2 0.72625 0.3883333333333333 0.0275 0.03666666666666667
2 0.1075 0.20166666666666666 0.025 0.03333333333333333
2 0.7275 0.02 0.03 0.04
2 0.725 0.2633333333333333 0.025 0.03333333333333333
2 0.06125 0.14166666666666666 0.0275 0.03666666666666667
2 0.06125 0.7583333333333333 0.0275 0.03666666666666667
2 0.5825 0.88 0.025 0.03333333333333333
2 0.29625 0.8783333333333333 0.0225 0.03
2 0.5375 0.6366666666666667 0.03 0.04
2 0.72625 0.5116666666666667 0.0275 0.03666666666666667
2 0.6325 0.575 0.03 0.04
2 0.44 0.6333333333333333 0.025 0.03333333333333333
2 0.49 0.6366666666666667 0.03 0.04
2 0.6325 0.8833333333333333 0.03 0.04
2 0.9175 0.205 0.03 0.04
2 0.49 0.205 0.03 0.04
2 0.48875 0.6966666666666667 0.0275 0.03666666666666667
2 0.34625 0.8816666666666667 0.0275 0.03666666666666667
2 0.86875 0.3883333333333333 0.0275 0.03666666666666667
2 0.155 0.016666666666666666 0.025 0.03333333333333333
2 0.67625 0.44666666666666666 0.0225 0.03
2 0.3 0.39 0.03 0.04
2 0.725 0.695 0.025 0.03333333333333333
2 0.01375 0.6966666666666667 0.0275 0.03666666666666667
2 0.2975 0.695 0.025 0.03333333333333333
2 0.58125 0.5083333333333333 0.0225 0.03
2 0.1575 0.39 0.03 0.04
2 0.585 0.39 0.03 0.04
2 0.775 0.26666666666666666 0.03 0.04
2 0.48875 0.5733333333333334 0.0275 0.03666666666666667
2 0.67875 0.6966666666666667 0.0275 0.03666666666666667
2 0.1075 0.6333333333333333 0.025 0.03333333333333333
2 0.915 0.88 0.025 0.03333333333333333
2 0.48875 0.08 0.0275 0.03666666666666667
2 0.91625 0.14166666666666666 0.0275 0.03666666666666667
2 0.43875 0.8166666666666667 0.0225 0.03
2 0.1575 0.5133333333333333 0.03 0.04
2 0.965 0.3283333333333333 0.03 0.04
2 0.10875 0.6966666666666667 0.0275 0.03666666666666667
2 0.2025 0.07833333333333334 0.025 0.03333333333333333
2 0.29625 0.6316666666666667 0.0225 0.03
2 0.775 0.945 0.03 0.04
2 0.5825 0.695 0.025 0.03333333333333333
2 0.39375 0.635 0.0275 0.03666666666666667
2 0.205 0.8833333333333333 0.03 0.04
2 0.2025 0.2633333333333333 0.025 0.03333333333333333
2 0.82 0.8183333333333334 0.025 0.03333333333333333
2 0.48625 0.44666666666666666 0.0225 0.03
2 0.11 0.8833333333333333 0.03 0.04
2 0.06125 0.5116666666666667 0.0275 0.03666666666666667
2 0.205 0.6983333333333334 0.03 0.04
2 0.77125 0.385 0.0225 0.03
2 0.82125 0.018333333333333333 0.0275 0.03666666666666667
2 0.34625 0.3883333333333333 0.0275 0.03666666666666667
2 0.82125 0.6966666666666667 0.0275 0.03666666666666667
2 0.20125 0.94 0.0225 0.03
2 0.3925 0.325 0.025 0.03333333333333333
2 0.2525 0.8833333333333333 0.03 0.04
2 0.53375 0.57 0.0225 0.03
2 0.96375 0.14166666666666666 0.0275 0.03666666666666667
2 0.1575 0.6983333333333334 0.03 0.04
2 0.24875 0.5083333333333333 0.0225 0.03
2 0.4875 0.38666666666666666 0.025 0.03333333333333333
2 0.9625 0.5716666666666667 0.025 0.03333333333333333
2 0.395 0.76 0.03 0.04
2 0.58125 0.57 0.0225 0.03
2 0.15625 0.9433333333333334 0.0275 0.03666666666666667
2 0.015 0.6366666666666667 0.03 0.04
2 0.15625 0.265 0.0275 0.03666666666666667
2 0.44125 0.32666666666666666 0.0275 0.03666666666666667
2 0.72625 0.45 0.0275 0.03666666666666667
2 0.81875 0.5083333333333333 0.0225 0.03
2 0.7725 0.88 0.025 0.03333333333333333
2 0.15625 0.8816666666666667 0.0275 0.03666666666666667
2 0.01375 0.8816666666666667 0.0275 0.03666666666666667
2 0.915 0.016666666666666666 0.025 0.03333333333333333
2 0.535 0.2633333333333333 0.025 0.03333333333333333
2 0.1575 0.3283333333333333 0.03 0.04
2 0.34375 0.44666666666666666 0.0225 0.03
2 0.4875 0.51 0.025 0.03333333333333333
2 0.82 0.14 0.025 0.03333333333333333
2 0.48625 0.13833333333333334 0.0225 0.03
2 0.05875 0.6933333333333334 0.0225 0.03
2 0.10875 0.08 0.0275 0.03666666666666667
2 0.015 0.76 0.03 0.04
2 0.8225 0.45166666666666666 0.03 0.04
2 0.72375 0.13833333333333334 0.0225 0.03
2 0.67875 0.635 0.0275 0.03666666666666667
2 0.15625 0.20333333333333334 0.0275 0.03666666666666667
2 0.11 0.26666666666666666 0.03 0.04
2 0.965 0.6983333333333334 0.03 0.04
2 0.91375 0.07666666666666666 0.0225 0.03
2 0.68 0.945 0.03 0.04
2 0.01375 0.5116666666666667 0.0275 0.03666666666666667
2 0.39125 0.8166666666666667 0.0225 0.03
2 0.2975 0.07833333333333334 0.025 0.03333333333333333
2 0.6775 0.5716666666666667 0.025 0.03333333333333333
2 0.9625 0.6333333333333333 0.025 0.03333333333333333
2 0.87 0.3283333333333333 0.03 0.04
2 0.5825 0.7566666666666667 0.025 0.03333333333333333
2 0.6325 0.6983333333333334 0.03 0.04
2 0.82125 0.5733333333333334 0.0275 0.03666666666666667
2 0.8675 0.20166666666666666 0.025 0.03333333333333333
2 0.87 0.26666666666666666 0.03 0.04
2 0.29875 0.20333333333333334 0.0275 0.03666666666666667
2 0.9625 0.38666666666666666 0.025 0.03333333333333333
2 0.2525 0.45166666666666666 0.03 0.04
2 0.29625 0.13833333333333334 0.0225 0.03
2 0.11 0.14333333333333334 0.03 0.04
3 0.82625 0.7616666666666667 0.0375 0.043333333333333335
3 0.01625 0.385 0.0325 0.03
3 0.06625 0.885 0.0375 0.043333333333333335
3 0.01375 0.33166666666666667 0.0275 0.04666666666666667
3 0.77625 0.325 0.0325 0.03333333333333333
3 0.9675 0.8216666666666667 0.035 0.04
3 0.68375 0.33166666666666667 0.0375 0.04666666666666667
3 0.87 0.5783333333333334 0.03 0.04666666666666667
3 0.44625 0.08166666666666667 0.0375 0.04
3 0.7275 0.825 0.03 0.04666666666666667
3 0.06 0.9483333333333334 0.025 0.04666666666666667
3 0.58375 0.20833333333333334 0.0275 0.04666666666666667
3 0.44625 0.5183333333333333 0.0375 0.05
3 0.49125 0.95 0.0325 0.05
3 0.8225 0.64 0.03 0.04666666666666667
3 0.63375 0.13833333333333334 0.0325 0.03
3 0.82375 0.325 0.0325 0.03333333333333333
3 0.7775 0.6333333333333333 0.035 0.03333333333333333
3 0.16125 0.58 0.0375 0.05
3 0.0575 0.575 0.02 0.04
3 0.91875 0.26166666666666666 0.0325 0.03
3 0.4925 0.26666666666666666 0.035 0.04
3 0.63625 0.825 0.0375 0.04666666666666667
3 0.06375 0.015 0.0325 0.03
4 0.49375 0.8933333333333333 0.0375 0.06
4 0.02125 0.8166666666666667 0.0425 0.03
4 0.585 0.15333333333333332 0.03 0.06
4 0.96375 0.03 0.0275 0.06
4 0.925 0.45 0.045 0.03666666666666667
4 0.73375 0.77 0.0425 0.06
4 0.4975 0.76 0.045 0.04
4 0.445 0.585 0.035 0.06
4 0.26 0.9433333333333334 0.045 0.03666666666666667
4 0.82875 0.07833333333333334 0.0425 0.03333333333333333
4 0.44625 0.46166666666666667 0.0375 0.06
4 0.68625 0.51 0.0425 0.03333333333333333
4 0.4925 0.03 0.035 0.06
4 0.06875 0.07833333333333334 0.0425 0.03333333333333333
4 0.5925 0.33166666666666667 0.045 0.04666666666666667
4 0.78125 0.7566666666666667 0.0425 0.03333333333333333
4 0.8775 0.8233333333333334 0.045 0.043333333333333335
4 0.39625 0.955 0.0325 0.06
4 0.20875 0.15333333333333332 0.0375 0.06
4 0.87 0.5233333333333333 0.03 0.06
4 0.6775 0.028333333333333332 0.025 0.056666666666666664
4 0.4025 0.20333333333333334 0.045 0.03666666666666667
4 0.355 0.028333333333333332 0.045 0.056666666666666664
4 0.58375 0.955 0.0275 0.06
4 0.73375 0.5716666666666667 0.0425 0.03333333333333333
4 0.965 0.09166666666666666 0.03 0.06
4 0.45 0.7583333333333333 0.045 0.03666666666666667
4 0.7775 0.215 0.035 0.06
4 0.44875 0.2633333333333333 0.0425 0.03333333333333333
4 0.20625 0.585 0.0325 0.06
4 0.91375 0.57 0.0225 0.03
4 0.015 0.575 0.03 0.04
4 0.0125 0.4483333333333333 0.025 0.03333333333333333
4 0.86875 0.018333333333333333 0.0275 0.03666666666666667
4 0.01375 0.265 0.0275 0.03666666666666667
4 0.20375 0.635 0.0275 0.03666666666666667
4 0.24875 0.6933333333333334 0.0225 0.03
4 0.91625 0.3883333333333333 0.0275 0.03666666666666667
4 0.9625 0.51 0.025 0.03333333333333333
4 0.86875 0.08 0.0275 0.03666666666666667
4 0.91375 0.6316666666666667 0.0225 0.03
4 0.96125 0.8783333333333333 0.0225 0.03
4 0.77375 0.5116666666666667 0.0275 0.03666666666666667
4 0.6325 0.3283333333333333 0.03 0.04
5 0.8775 0.1425 0.045 0.03833333333333333
5 0.21375 0.3958333333333333 0.0475 0.051666666666666666
5 0.3075 0.335 0.045 0.05333333333333334
5 0.545 0.45666666666666667 0.045 0.05
5 0.21125 0.030833333333333334 0.0425 0.06166666666666667
5 0.7825 0.020833333333333332 0.045 0.041666666666666664
5 0.16375 0.4483333333333333 0.0425 0.03333333333333333
5 0.07 0.6383333333333333 0.045 0.043333333333333335
5 0.63375 0.6475 0.0325 0.06166666666666667
5 0.73625 0.8841666666666667 0.0475 0.041666666666666664
5 0.77375 0.09 0.0275 0.056666666666666664
5 0.0625 0.8316666666666667 0.03 0.06
5 0.30625 0.030833333333333334 0.0425 0.06166666666666667
5 0.59125 0.6308333333333334 0.0425 0.028333333333333332
5 0.6875 0.825 0.045 0.04666666666666667
5 0.355 0.14833333333333334 0.045 0.05
5 0.92 0.7708333333333334 0.035 0.06166666666666667
5 0.64125 0.7658333333333334 0.0475 0.051666666666666666
5 0.4025 0.395 0.045 0.05
5 0.25875 0.3883333333333333 0.0425 0.03666666666666667
5 0.45125 0.7025 0.0475 0.04833333333333333
5 0.35625 0.9508333333333333 0.0475 0.051666666666666666
5 0.355 0.335 0.045 0.05333333333333334
5 0.965 0.27666666666666667 0.03 0.06
5 0.43875 0.029166666666666667 0.0225 0.058333333333333334
5 0.5925 0.4525 0.045 0.041666666666666664
5 0.26 0.2733333333333333 0.045 0.05333333333333334
5 0.165 0.08333333333333333 0.045 0.043333333333333335
5 0.3425 0.7058333333333333 0.02 0.055
5 0.02 0.030833333333333334 0.04 0.06166666666666667
5 0.6875 0.8833333333333333 0.045 0.04
5 0.6825 0.77 0.035 0.06
5 0.545 0.39916666666666667 0.045 0.058333333333333334
5 0.82125 0.9558333333333333 0.0275 0.06166666666666667
5 0.30375 0.27666666666666667 0.0375 0.06
5 0.82 0.3983333333333333 0.025 0.056666666666666664
5 0.2125 0.3375 0.045 0.058333333333333334
5 0.39875 0.5241666666666667 0.0375 0.06166666666666667
5 0.1175 0.335 0.045 0.05333333333333334
5 0.02 0.955 0.04 0.06
5 0.92375 0.9558333333333333 0.0425 0.06166666666666667
5 0.30875 0.8258333333333333 0.0475 0.04833333333333333
5 0.355 0.82 0.045 0.03666666666666667
5 0.35375 0.6466666666666666 0.0425 0.06
5 0.34625 0.21583333333333332 0.0275 0.06166666666666667
5 0.26 0.1525 0.045 0.058333333333333334
5 0.355 0.7616666666666667 0.045 0.043333333333333335
5 0.07 0.205 0.045 0.04
5 0.1575 0.8325 0.03 0.06166666666666667
5 0.59375 0.2708333333333333 0.0475 0.04833333333333333
5 0.78125 0.14 0.0425 0.03333333333333333
5 0.5925 0.018333333333333333 0.045 0.03666666666666667
5 0.29625 0.9541666666666667 0.0225 0.058333333333333334
5 0.1625 0.6475 0.04 0.06166666666666667
5 0.68625 0.13833333333333334 0.0425 0.03
5 0.6875 0.085 0.045 0.04666666666666667
5 0.21125 0.8325 0.0425 0.06166666666666667
5 0.92375 0.7091666666666666 0.0425 0.06166666666666667
5 0.34625 0.27666666666666667 0.0275 0.06
5 0.96875 0.215 0.0375 0.06
6 0.2525 0.8216666666666667 0.03 0.04
6 0.39375 0.265 0.0275 0.03666666666666667
6 0.63125 0.20333333333333334 0.0275 0.03666666666666667
6 0.965 0.945 0.03 0.04
6 0.44 0.88 0.025 0.03333333333333333
6 0.915 0.51 0.025 0.03333333333333333
6 0.395 0.6983333333333334 0.03 0.04
6 0.72625 0.32666666666666666 0.0275 0.03666666666666667
6 0.6325 0.5133333333333333 0.03 0.04
6 0.67875 0.265 0.0275 0.03666666666666667
6 0.4875 0.325 0.025 0.03333333333333333
6 0.48875 0.82 0.0275 0.03666666666666667
6 0.2525 0.08166666666666667 0.03 0.04
6 0.6775 0.38666666666666666 0.025 0.03333333333333333
6 0.87 0.45166666666666666 0.03 0.04
6 0.965 0.45166666666666666 0.03 0.04
6 0.3 0.5133333333333333 0.03 0.04
6 0.8675 0.88 0.025 0.03333333333333333
6 0.63 0.9416666666666667 0.025 0.03333333333333333
6 0.05875 0.26166666666666666 0.0225 0.03
7 0.2025 0.7566666666666667 0.025 0.03333333333333333
7 0.10875 0.3883333333333333 0.0275 0.03666666666666667
7 0.10625 0.5083333333333333 0.0225 0.03
7 0.4425 0.14333333333333334 0.03 0.04
7 0.72375 0.2 0.0225 0.03
7 0.395 0.14333333333333334 0.03 0.04
7 0.7725 0.5716666666666667 0.025 0.03333333333333333
7 0.6275 0.26 0.02 0.02666666666666667
7 0.775 0.8216666666666667 0.03 0.04
7 0.0125 0.07833333333333334 0.025 0.03333333333333333
7 0.5375 0.02 0.03 0.04
7 0.7725 0.4483333333333333 0.025 0.03333333333333333
7 0.44125 0.9433333333333334 0.0275 0.03666666666666667
7 0.5375 0.14333333333333334 0.03 0.04
7 0.53375 0.8783333333333333 0.0225 0.03
7 0.72625 0.08 0.0275 0.03666666666666667
7 0.29875 0.5733333333333334 0.0275 0.03666666666666667
7 0.395 0.08166666666666667 0.03 0.04
7 0.53625 0.9433333333333334 0.0275 0.03666666666666667
7 0.9625 0.7566666666666667 0.025 0.03333333333333333
7 0.5375 0.76 0.03 0.04
7 0.1075 0.5716666666666667 0.025 0.03333333333333333
7 0.25125 0.7583333333333333 0.0275 0.03666666666666667
7 0.6325 0.08166666666666667 0.03 0.04
7 0.6775 0.20166666666666666 0.025 0.03333333333333333
7 0.20375 0.5116666666666667 0.0275 0.03666666666666667
7 0.25125 0.635 0.0275 0.03666666666666667
7 0.10875 0.45 0.0275 0.03666666666666667
7 0.6325 0.45166666666666666 0.03 0.04
7 0.82125 0.8816666666666667 0.0275 0.03666666666666667