0 0.96375 0.265 0.0275 0.03666666666666667
0 0.24875 0.13833333333333334 0.0225 0.03
0 0.29625 0.8166666666666667 0.0225 0.03
0 0.67875 0.7583333333333333 0.0275 0.03666666666666667
0 0.0625 0.3283333333333333 0.03 0.04
0 0.1575 0.575 0.03 0.04
0 0.915 0.325 0.025 0.03333333333333333
0 0.1075 0.7566666666666667 0.025 0.03333333333333333
0 0.62875 0.57 0.0225 0.03
0 0.9175 0.205 0.03 0.04
1 0.915 0.6333333333333333 0.025 0.03333333333333333
1 0.6775 0.5716666666666667 0.025 0.03333333333333333
1 0.43875 0.94 0.0225 0.03
1 0.2025 0.4483333333333333 0.025 0.03333333333333333
1 0.72625 0.6966666666666667 0.0275 0.03666666666666667
1 0.9625 0.7566666666666667 0.025 0.03333333333333333
1 0.34625 0.08 0.0275 0.03666666666666667
1 0.91625 0.82 0.0275 0.03666666666666667
1 0.5825 0.4483333333333333 0.025 0.03333333333333333
1 0.395 0.3283333333333333 0.03 0.04
1 0.25 0.016666666666666666 0.025 0.03333333333333333
1 0.44125 0.82 0.0275 0.03666666666666667
1 0.91625 0.5733333333333334 0.0275 0.03666666666666667
1 0.8225 0.8833333333333333 0.03 0.04
1 0.775 0.76 0.03 0.04
1 0.81875 0.015 0.0225 0.03
1 0.7275 0.02 0.03 0.04
1 0.2525 0.76 0.03 0.04
1 0.5375 0.5133333333333333 0.03 0.04
1 0.4425 0.02 0.03 0.04
2 0.965 0.08166666666666667 0.03 0.04
2 0.5825 0.2633333333333333 0.025 0.03333333333333333
2 0.205 0.3283333333333333 0.03 0.04
2 0.29625 0.13833333333333334 0.0225 0.03
2 0.77375 0.32666666666666666 0.0275 0.03666666666666667
2 0.915 0.016666666666666666 0.025 0.03333333333333333
2 0.20375 0.5116666666666667 0.0275 0.03666666666666667
2 0.535 0.88 0.025 0.03333333333333333
2 0.39375 0.14166666666666666 0.0275 0.03666666666666667
2 0.3925 0.4483333333333333 0.025 0.03333333333333333
2 0.72625 0.82 0.0275 0.03666666666666667
2 0.01375 0.14166666666666666 0.0275 0.03666666666666667
2 0.86625 0.6933333333333334 0.0225 0.03
2 0.86875 0.9433333333333334 0.0275 0.03666666666666667
2 0.8225 0.945 0.03 0.04
2 0.1075 0.88 0.025 0.03333333333333333
2 0.155 0.14 0.025 0.03333333333333333
2 0.01125 0.94 0.0225 0.03
2 0.8675 0.7566666666666667 0.025 0.03333333333333333
2 0.86625 0.3233333333333333 0.0225 0.03
2 0.53625 0.3883333333333333 0.0275 0.03666666666666667
2 0.25 0.5716666666666667 0.025 0.03333333333333333
2 0.0625 0.45166666666666666 0.03 0.04
2 0.155 0.016666666666666666 0.025 0.03333333333333333
2 0.49 0.945 0.03 0.04
2 0.49 0.6366666666666667 0.03 0.04
2 0.06125 0.5116666666666667 0.0275 0.03666666666666667
2 0.10625 0.5083333333333333 0.0225 0.03
2 0.6775 0.38666666666666666 0.025 0.03333333333333333
2 0.63 0.695 0.025 0.03333333333333333
2 0.1075 0.2633333333333333 0.025 0.03333333333333333
2 0.15375 0.44666666666666666 0.0225 0.03
2 0.34375 0.6933333333333334 0.0225 0.03
2 0.7725 0.20166666666666666 0.025 0.03333333333333333
2 0.7725 0.51 0.025 0.03333333333333333
2 0.295 0.5066666666666667 0.02 0.02666666666666667
2 0.395 0.205 0.03 0.04
2 0.49 0.39 0.03 0.04
2 0.20375 0.20333333333333334 0.0275 0.03666666666666667
2 0.53625 0.45 0.0275 0.03666666666666667
2 0.53625 0.08 0.0275 0.03666666666666667
2 0.10875 0.32666666666666666 0.0275 0.03666666666666667
2 0.20375 0.8816666666666667 0.0275 0.03666666666666667
2 0.10875 0.45 0.0275 0.03666666666666667
2 0.5375 0.14333333333333334 0.03 0.04
2 0.29875 0.635 0.0275 0.03666666666666667
2 0.965 0.5133333333333333 0.03 0.04
2 0.63125 0.82 0.0275 0.03666666666666667
2 0.535 0.325 0.025 0.03333333333333333
2 0.87 0.8833333333333333 0.03 0.04
2 0.48875 0.6966666666666667 0.0275 0.03666666666666667
2 0.8225 0.5133333333333333 0.03 0.04
2 0.58125 0.6316666666666667 0.0225 0.03
2 0.53625 0.82 0.0275 0.03666666666666667
2 0.775 0.08166666666666667 0.03 0.04
2 0.77375 0.45 0.0275 0.03666666666666667
2 0.3925 0.51 0.025 0.03333333333333333
2 0.5825 0.695 0.025 0.03333333333333333
2 0.20375 0.635 0.0275 0.03666666666666667
2 0.4875 0.2633333333333333 0.025 0.03333333333333333
2 0.965 0.945 0.03 0.04
2 0.0125 0.325 0.025 0.03333333333333333
2 0.9175 0.39 0.03 0.04
2 0.48875 0.45 0.0275 0.03666666666666667
2 0.96125 0.3233333333333333 0.0225 0.03
2 0.3475 0.5133333333333333 0.03 0.04
2 0.68 0.14333333333333334 0.03 0.04
2 0.7275 0.205 0.03 0.04
2 0.6775 0.2633333333333333 0.025 0.03333333333333333
2 0.44 0.07833333333333334 0.025 0.03333333333333333
2 0.39375 0.635 0.0275 0.03666666666666667
2 0.7275 0.26666666666666666 0.03 0.04
2 0.345 0.38666666666666666 0.025 0.03333333333333333
2 0.67875 0.635 0.0275 0.03666666666666667
2 0.4875 0.20166666666666666 0.025 0.03333333333333333
2 0.06125 0.265 0.0275 0.03666666666666667
2 0.8225 0.76 0.03 0.04
2 0.67875 0.8816666666666667 0.0275 0.03666666666666667
2 0.44125 0.6966666666666667 0.0275 0.03666666666666667
2 0.06125 0.5733333333333334 0.0275 0.03666666666666667
2 0.24875 0.385 0.0225 0.03
2 0.585 0.205 0.03 0.04
2 0.1075 0.20166666666666666 0.025 0.03333333333333333
2 0.7275 0.8833333333333333 0.03 0.04
2 0.20375 0.265 0.0275 0.03666666666666667
2 0.82125 0.45 0.0275 0.03666666666666667
2 0.345 0.9416666666666667 0.025 0.03333333333333333
2 0.3475 0.8216666666666667 0.03 0.04
2 0.585 0.76 0.03 0.04
2 0.53375 0.94 0.0225 0.03
2 0.86875 0.14166666666666666 0.0275 0.03666666666666667
2 0.2025 0.8183333333333334 0.025 0.03333333333333333
2 0.1575 0.76 0.03 0.04
2 0.15375 0.6316666666666667 0.0225 0.03
2 0.67875 0.08 0.0275 0.03666666666666667
2 0.82125 0.6966666666666667 0.0275 0.03666666666666667
2 0.06125 0.20333333333333334 0.0275 0.03666666666666667
2 0.015 0.6983333333333334 0.03 0.04
2 0.4425 0.39 0.03 0.04
2 0.965 0.205 0.03 0.04
2 0.11 0.14333333333333334 0.03 0.04
2 0.58125 0.8166666666666667 0.0225 0.03
2 0.1075 0.07833333333333334 0.025 0.03333333333333333
2 0.0625 0.39 0.03 0.04
2 0.8225 0.205 0.03 0.04
2 0.585 0.8833333333333333 0.03 0.04
2 0.155 0.9416666666666667 0.025 0.03333333333333333
2 0.9175 0.26666666666666666 0.03 0.04
2 0.3 0.39 0.03 0.04
2 0.2025 0.38666666666666666 0.025 0.03333333333333333
2 0.96375 0.018333333333333333 0.0275 0.03666666666666667
2 0.15625 0.6966666666666667 0.0275 0.03666666666666667
2 0.3475 0.45166666666666666 0.03 0.04
2 0.82125 0.82 0.0275 0.03666666666666667
2 0.5375 0.76 0.03 0.04
2 0.8675 0.4483333333333333 0.025 0.03333333333333333
2 0.63 0.325 0.025 0.03333333333333333
2 0.39375 0.6966666666666667 0.0275 0.03666666666666667
2 0.06125 0.7583333333333333 0.0275 0.03666666666666667
2 0.5375 0.6366666666666667 0.03 0.04
3 0.35 0.14833333333333334 0.035 0.05
3 0.16125 0.33166666666666667 0.0375 0.04666666666666667
3 0.44625 0.765 0.0375 0.05
3 0.30375 0.8833333333333333 0.0375 0.04
3 0.92125 0.085 0.0375 0.04666666666666667
3 0.39625 0.95 0.0325 0.05
3 0.01875 0.27 0.0375 0.04666666666666667
3 0.01875 0.8216666666666667 0.0375 0.04
3 0.30375 0.2683333333333333 0.0375 0.043333333333333335
3 0.015 0.8766666666666667 0.03 0.02666666666666667
3 0.25625 0.5166666666666667 0.0375 0.04666666666666667
3 0.20625 0.08666666666666667 0.0325 0.05
3 0.77875 0.14833333333333334 0.0375 0.05
3 0.01875 0.4533333333333333 0.0375 0.043333333333333335
3 0.92125 0.14333333333333334 0.0375 0.04
3 0.73125 0.6383333333333333 0.0375 0.043333333333333335
3 0.67625 0.515 0.0225 0.043333333333333335
3 0.4925 0.8883333333333333 0.035 0.05
3 0.585 0.95 0.03 0.05
3 0.44625 0.27 0.0375 0.04666666666666667
3 0.825 0.635 0.035 0.03666666666666667
3 0.68375 0.8216666666666667 0.0375 0.04
3 0.82375 0.325 0.0325 0.03333333333333333
3 0.255 0.6416666666666667 0.035 0.05
4 0.30625 0.585 0.0425 0.06
4 0.735 0.145 0.045 0.043333333333333335
4 0.92125 0.955 0.0375 0.06
4 0.25625 0.3383333333333333 0.0375 0.06
4 0.2075 0.585 0.035 0.06
4 0.49125 0.03 0.0325 0.06
4 0.1175 0.021666666666666667 0.045 0.043333333333333335
4 0.58375 0.03 0.0275 0.06
4 0.35125 0.03 0.0375 0.06
4 0.45 0.20666666666666667 0.045 0.043333333333333335
4 0.7325 0.4 0.04 0.06
4 0.4025 0.09 0.045 0.056666666666666664
4 0.06875 0.03 0.0425 0.06
4 0.64 0.89 0.045 0.05333333333333334
4 0.165 0.5183333333333333 0.045 0.05
4 0.97125 0.15333333333333332 0.0425 0.06
4 0.59125 0.5716666666666667 0.0425 0.03333333333333333
4 0.925 0.8916666666666667 0.045 0.056666666666666664
4 0.9725 0.7033333333333334 0.045 0.05
4 0.1175 0.7066666666666667 0.045 0.056666666666666664
4 0.59125 0.5233333333333333 0.0425 0.06
4 0.9725 0.6383333333333333 0.045 0.043333333333333335
4 0.11625 0.8316666666666667 0.0425 0.06
4 0.0225 0.765 0.045 0.05
4 0.25125 0.7066666666666667 0.0275 0.056666666666666664
4 0.68625 0.46166666666666667 0.0425 0.06
4 0.78125 0.6466666666666666 0.0425 0.06
4 0.2575 0.09166666666666666 0.04 0.06
4 0.6375 0.955 0.04 0.06
4 0.40125 0.7566666666666667 0.0425 0.03333333333333333
4 0.2975 0.9416666666666667 0.025 0.03333333333333333
4 0.39125 0.8783333333333333 0.0225 0.03
4 0.4875 0.5716666666666667 0.025 0.03333333333333333
4 0.7275 0.3283333333333333 0.03 0.04
4 0.48875 0.08 0.0275 0.03666666666666667
4 0.67875 0.6966666666666667 0.0275 0.03666666666666667
4 0.87 0.5133333333333333 0.03 0.04
4 0.155 0.07833333333333334 0.025 0.03333333333333333
4 0.86625 0.385 0.0225 0.03
4 0.67875 0.32666666666666666 0.0275 0.03666666666666667
4 0.49 0.14333333333333334 0.03 0.04
4 0.345 0.20166666666666666 0.025 0.03333333333333333
4 0.0625 0.6983333333333334 0.03 0.04
4 0.72625 0.5116666666666667 0.0275 0.03666666666666667
5 0.21375 0.0225 0.0475 0.045
5 0.16625 0.2675 0.0475 0.041666666666666664
5 0.0675 0.955 0.04 0.06
5 0.6775 0.028333333333333332 0.025 0.056666666666666664
5 0.86625 0.21416666666666667 0.0225 0.058333333333333334
5 0.87875 0.0875 0.0475 0.051666666666666666
5 0.63875 0.6466666666666666 0.0425 0.06
5 0.5925 0.15166666666666667 0.045 0.056666666666666664
5 0.7825 0.7075 0.045 0.058333333333333334
5 0.6325 0.030833333333333334 0.03 0.06166666666666667
5 0.34875 0.77 0.0325 0.06
5 0.775 0.4 0.03 0.06
5 0.735 0.08083333333333333 0.045 0.03833333333333333
5 0.40125 0.8325 0.0425 0.06166666666666667
5 0.5925 0.33166666666666667 0.045 0.04666666666666667
5 0.72625 0.955 0.0275 0.06
5 0.26125 0.9525 0.0475 0.055
5 0.7275 0.5858333333333333 0.03 0.06166666666666667
5 0.825 0.15333333333333332 0.035 0.06
5 0.45 0.6433333333333333 0.045 0.05333333333333334
5 0.53625 0.5858333333333333 0.0275 0.06166666666666667
5 0.4425 0.4625 0.03 0.06166666666666667
5 0.1175 0.5766666666666667 0.045 0.043333333333333335
5 0.3975 0.4 0.035 0.06
5 0.30375 0.4625 0.0375 0.06166666666666667
5 0.21375 0.7058333333333333 0.0475 0.055
5 0.015 0.03 0.03 0.06
5 0.34375 0.8916666666666667 0.0225 0.056666666666666664
5 0.91625 0.7708333333333334 0.0275 0.06166666666666667
5 0.7775 0.030833333333333334 0.035 0.06166666666666667
5 0.87125 0.585 0.0325 0.06
5 0.165 0.3983333333333333 0.045 0.056666666666666664
5 0.54625 0.024166666666666666 0.0475 0.04833333333333333
5 0.3 0.030833333333333334 0.03 0.06166666666666667
5 0.21125 0.15333333333333332 0.0425 0.06
5 0.78125 0.8933333333333333 0.0425 0.06
5 0.925 0.5125 0.045 0.03833333333333333
5 0.15375 0.8308333333333333 0.0225 0.058333333333333334
5 0.96375 0.83 0.0275 0.056666666666666664
5 0.8275 0.585 0.04 0.06
5 0.07 0.8308333333333333 0.045 0.058333333333333334
5 0.26125 0.8291666666666667 0.0475 0.055
5 0.77875 0.585 0.0375 0.06
5 0.1175 0.6383333333333333 0.045 0.043333333333333335
5 0.16375 0.21583333333333332 0.0425 0.06166666666666667
5 0.0225 0.5741666666666667 0.045 0.03833333333333333
5 0.21 0.77 0.04 0.06
5 0.5925 0.08 0.045 0.03666666666666667
5 0.87625 0.6325 0.0425 0.03166666666666667
5 0.6375 0.5241666666666667 0.04 0.06166666666666667
5 0.64 0.15 0.045 0.05333333333333334
5 0.9725 0.39666666666666667 0.045 0.05333333333333334
5 0.77125 0.8308333333333333 0.0225 0.058333333333333334
5 0.44875 0.15416666666666667 0.0425 0.06166666666666667
5 0.06875 0.09166666666666666 0.0425 0.06
5 0.3 0.09166666666666666 0.03 0.06
5 0.02375 0.5175 0.0475 0.04833333333333333
5 0.78125 0.9558333333333333 0.0425 0.06166666666666667
5 0.91875 0.7083333333333334 0.0325 0.06
5 0.96625 0.46166666666666667 0.0325 0.06
6 0.0625 0.8833333333333333 0.03 0.04
6 0.86875 0.82 0.0275 0.03666666666666667
6 0.53625 0.20333333333333334 0.0275 0.03666666666666667
6 0.63 0.2633333333333333 0.025 0.03333333333333333
6 0.345 0.2633333333333333 0.025 0.03333333333333333
6 0.67625 0.2 0.0225 0.03
6 0.34625 0.32666666666666666 0.0275 0.03666666666666667
6 0.1075 0.38666666666666666 0.025 0.03333333333333333
6 0.43875 0.57 0.0225 0.03
6 0.72625 0.7583333333333333 0.0275 0.03666666666666667
6 0.15375 0.8783333333333333 0.0225 0.03
6 0.015 0.08166666666666667 0.03 0.04
6 0.58 0.38333333333333336 0.02 0.02666666666666667
6 0.2975 0.325 0.025 0.03333333333333333
6 0.63 0.20166666666666666 0.025 0.03333333333333333
6 0.81875 0.385 0.0225 0.03
6 0.10875 0.9433333333333334 0.0275 0.03666666666666667
6 0.63125 0.3883333333333333 0.0275 0.03666666666666667
6 0.8675 0.016666666666666666 0.025 0.03333333333333333
6 0.8225 0.08166666666666667 0.03 0.04
7 0.015 0.6366666666666667 0.03 0.04
7 0.34625 0.635 0.0275 0.03666666666666667
7 0.43875 0.3233333333333333 0.0225 0.03
7 0.965 0.575 0.03 0.04
7 0.6325 0.08166666666666667 0.03 0.04
7 0.2525 0.8833333333333333 0.03 0.04
7 0.9175 0.45166666666666666 0.03 0.04
7 0.24875 0.2 0.0225 0.03
7 0.29875 0.20333333333333334 0.0275 0.03666666666666667
7 0.53625 0.6966666666666667 0.0275 0.03666666666666667
7 0.4425 0.8833333333333333 0.03 0.04
7 0.3 0.6983333333333334 0.03 0.04
7 0.39375 0.5733333333333334 0.0275 0.03666666666666667
7 0.2975 0.7566666666666667 0.025 0.03333333333333333
7 0.0575 0.63 0.02 0.02666666666666667
7 0.48875 0.7583333333333333 0.0275 0.03666666666666667
7 0.25 0.2633333333333333 0.025 0.03333333333333333
7 0.62875 0.755 0.0225 0.03
7 0.8225 0.26666666666666666 0.03 0.04
7 0.0125 0.20166666666666666 0.025 0.03333333333333333
7 0.48625 0.8166666666666667 0.0225 0.03
7 0.96125 0.8783333333333333 0.0225 0.03
7 0.39125 0.015 0.0225 0.03
7 0.06125 0.14166666666666666 0.0275 0.03666666666666667
7 0.53625 0.265 0.0275 0.03666666666666667
7 0.44125 0.5116666666666667 0.0275 0.03666666666666667
7 0.8675 0.2633333333333333 0.025 0.03333333333333333
7 0.48875 0.32666666666666666 0.0275 0.03666666666666667
7 0.3425 0.5683333333333334 0.02 0.02666666666666667
7 0.77375 0.265 0.0275 0.03666666666666667