0 0.33 0.6183333333333333 0.02 0.02666666666666667
1 0.93 0.8383333333333334 0.02 0.02666666666666667
1 0.65 0.6183333333333333 0.02 0.02666666666666667
2 0.05 0.6733333333333333 0.02 0.02666666666666667
2 0.05 0.5633333333333334 0.02 0.02666666666666667
2 0.37 0.28833333333333333 0.02 0.02666666666666667
2 0.49 0.8383333333333334 0.02 0.02666666666666667
2 0.97 0.3983333333333333 0.02 0.02666666666666667
2 0.81 0.6733333333333333 0.02 0.02666666666666667
3 0.65 0.405 0.02 0.04
3 0.65 0.075 0.02 0.04
3 0.49 0.185 0.02 0.04
3 0.17 0.02 0.02 0.04
3 0.29 0.845 0.02 0.04
3 0.37 0.845 0.02 0.04
3 0.49 0.515 0.02 0.04
3 0.41 0.46 0.02 0.04
3 0.53 0.13 0.02 0.04
3 0.21 0.625 0.02 0.04
3 0.29 0.13 0.02 0.04
3 0.05 0.955 0.02 0.04
4 0.41 0.7966666666666666 0.02 0.05333333333333334
4 0.13 0.5766666666666667 0.02 0.05333333333333334
4 0.45 0.4666666666666667 0.02 0.05333333333333334
4 0.49 0.3016666666666667 0.02 0.05333333333333334
4 0.29 0.4116666666666667 0.02 0.05333333333333334
4 0.29 0.6316666666666667 0.02 0.05333333333333334
4 0.09 0.8516666666666667 0.02 0.05333333333333334
4 0.65 0.9066666666666666 0.02 0.05333333333333334
4 0.81 0.08166666666666667 0.02 0.05333333333333334
4 0.33 0.9066666666666666 0.02 0.05333333333333334
4 0.61 0.9066666666666666 0.02 0.05333333333333334
4 0.37 0.7416666666666667 0.02 0.05333333333333334
4 0.57 0.13666666666666666 0.02 0.05333333333333334
4 0.33 0.5766666666666667 0.02 0.05333333333333334
4 0.09 0.6866666666666666 0.02 0.05333333333333334
4 0.57 0.4116666666666667 0.02 0.05333333333333334
4 0.53 0.5216666666666666 0.02 0.05333333333333334
4 0.81 0.3016666666666667 0.02 0.05333333333333334
4 0.33 0.3566666666666667 0.02 0.05333333333333334
4 0.01 0.7416666666666667 0.02 0.05333333333333334
4 0.69 0.5766666666666667 0.02 0.05333333333333334
4 0.77 0.7966666666666666 0.02 0.05333333333333334
4 0.09 0.9066666666666666 0.02 0.05333333333333334
4 0.17 0.9066666666666666 0.02 0.05333333333333334
4 0.85 0.19166666666666668 0.02 0.05333333333333334
4 0.81 0.24666666666666667 0.02 0.05333333333333334
4 0.77 0.3566666666666667 0.02 0.05333333333333334
4 0.65 0.3566666666666667 0.02 0.05333333333333334
4 0.13 0.08166666666666667 0.02 0.05333333333333334
4 0.09 0.02666666666666667 0.02 0.05333333333333334
4 0.49 0.06833333333333333 0.02 0.02666666666666667
4 0.41 0.28833333333333333 0.02 0.02666666666666667
4 0.01 0.17833333333333334 0.02 0.02666666666666667
4 0.33 0.28833333333333333 0.02 0.02666666666666667
4 0.05 0.4533333333333333 0.02 0.02666666666666667
4 0.93 0.17833333333333334 0.02 0.02666666666666667
4 0.93 0.9483333333333334 0.02 0.02666666666666667
4 0.69 0.3983333333333333 0.02 0.02666666666666667
4 0.85 0.3433333333333333 0.02 0.02666666666666667
4 0.13 0.3433333333333333 0.02 0.02666666666666667
4 0.25 0.8383333333333334 0.02 0.02666666666666667
4 0.77 0.17833333333333334 0.02 0.02666666666666667
4 0.21 0.7833333333333333 0.02 0.02666666666666667
4 0.53 0.013333333333333334 0.02 0.02666666666666667
5 0.09 0.3575 0.02 0.055
5 0.49 0.4125 0.02 0.055
5 0.86 0.7283333333333334 0.04 0.02666666666666667
5 0.26 0.3983333333333333 0.04 0.02666666666666667
6 0.45 0.17833333333333334 0.02 0.02666666666666667
6 0.29 0.9483333333333334 0.02 0.02666666666666667
7 0.37 0.8933333333333333 0.02 0.02666666666666667
7 0.25 0.06833333333333333 0.02 0.02666666666666667
7 0.73 0.06833333333333333 0.02 0.02666666666666667