0 0.48875 0.45 0.0275 0.03666666666666667
0 0.395 0.945 0.03 0.04
0 0.11 0.76 0.03 0.04
0 0.3 0.205 0.03 0.04
0 0.87 0.205 0.03 0.04
0 0.7275 0.45166666666666666 0.03 0.04
0 0.72375 0.385 0.0225 0.03
0 0.5825 0.8183333333333334 0.025 0.03333333333333333
0 0.91625 0.9433333333333334 0.0275 0.03666666666666667
0 0.43875 0.385 0.0225 0.03
1 0.63 0.2633333333333333 0.025 0.03333333333333333
1 0.9625 0.38666666666666666 0.025 0.03333333333333333
1 0.48875 0.20333333333333334 0.0275 0.03666666666666667
1 0.53625 0.14166666666666666 0.0275 0.03666666666666667
1 0.91625 0.635 0.0275 0.03666666666666667
1 0.67875 0.08 0.0275 0.03666666666666667
1 0.01375 0.635 0.0275 0.03666666666666667
1 0.82 0.51 0.025 0.03333333333333333
1 0.05875 0.755 0.0225 0.03
1 0.06125 0.3883333333333333 0.0275 0.03666666666666667
1 0.4425 0.45166666666666666 0.03 0.04
1 0.0575 0.815 0.02 0.02666666666666667
1 0.7275 0.76 0.03 0.04
1 0.87 0.45166666666666666 0.03 0.04
1 0.81875 0.26166666666666666 0.0225 0.03
1 0.63125 0.8816666666666667 0.0275 0.03666666666666667
1 0.8225 0.945 0.03 0.04
1 0.7725 0.6333333333333333 0.025 0.03333333333333333
1 0.9175 0.8216666666666667 0.03 0.04
1 0.44125 0.5733333333333334 0.0275 0.03666666666666667
2 0.11 0.8833333333333333 0.03 0.04
2 0.82 0.14 0.025 0.03333333333333333
2 0.24875 0.015 0.0225 0.03
2 0.39375 0.08 0.0275 0.03666666666666667
2 0.6775 0.695 0.025 0.03333333333333333
2 0.63125 0.82 0.0275 0.03666666666666667
2 0.2975 0.4483333333333333 0.025 0.03333333333333333
2 0.10875 0.5733333333333334 0.0275 0.03666666666666667
2 0.8675 0.51 0.025 0.03333333333333333
2 0.3 0.02 0.03 0.04
2 0.3475 0.8833333333333333 0.03 0.04
2 0.535 0.20166666666666666 0.025 0.03333333333333333
2 0.68 0.575 0.03 0.04
2 0.44125 0.7583333333333333 0.0275 0.03666666666666667
2 0.6325 0.205 0.03 0.04
2 0.48875 0.3883333333333333 0.0275 0.03666666666666667
2 0.53375 0.5083333333333333 0.0225 0.03
2 0.965 0.6983333333333334 0.03 0.04
2 0.1525 0.38333333333333336 0.02 0.02666666666666667
2 0.725 0.6333333333333333 0.025 0.03333333333333333
2 0.725 0.14 0.025 0.03333333333333333
2 0.25125 0.265 0.0275 0.03666666666666667
2 0.82 0.695 0.025 0.03333333333333333
2 0.39125 0.385 0.0225 0.03
2 0.48875 0.32666666666666666 0.0275 0.03666666666666667
2 0.1575 0.08166666666666667 0.03 0.04
2 0.965 0.14333333333333334 0.03 0.04
2 0.91625 0.14166666666666666 0.0275 0.03666666666666667
2 0.535 0.7566666666666667 0.025 0.03333333333333333
2 0.58125 0.44666666666666666 0.0225 0.03
2 0.395 0.45166666666666666 0.03 0.04
2 0.05875 0.5083333333333333 0.0225 0.03
2 0.5375 0.8216666666666667 0.03 0.04
2 0.01375 0.7583333333333333 0.0275 0.03666666666666667
2 0.9625 0.6333333333333333 0.025 0.03333333333333333
2 0.58375 0.7583333333333333 0.0275 0.03666666666666667
2 0.48625 0.015 0.0225 0.03
2 0.67875 0.5116666666666667 0.0275 0.03666666666666667
2 0.2975 0.38666666666666666 0.025 0.03333333333333333
2 0.72625 0.20333333333333334 0.0275 0.03666666666666667
2 0.345 0.6333333333333333 0.025 0.03333333333333333
2 0.86625 0.015 0.0225 0.03
2 0.86875 0.3883333333333333 0.0275 0.03666666666666667
2 0.82 0.7566666666666667 0.025 0.03333333333333333
2 0.3475 0.08166666666666667 0.03 0.04
2 0.2525 0.76 0.03 0.04
2 0.39375 0.32666666666666666 0.0275 0.03666666666666667
2 0.6775 0.38666666666666666 0.025 0.03333333333333333
2 0.67625 0.6316666666666667 0.0225 0.03
2 0.06125 0.14166666666666666 0.0275 0.03666666666666667
2 0.3475 0.26666666666666666 0.03 0.04
2 0.67625 0.94 0.0225 0.03
2 0.72375 0.3233333333333333 0.0225 0.03
2 0.9175 0.02 0.03 0.04
2 0.63125 0.32666666666666666 0.0275 0.03666666666666667
2 0.49 0.6366666666666667 0.03 0.04
2 0.25 0.38666666666666666 0.025 0.03333333333333333
2 0.39375 0.265 0.0275 0.03666666666666667
2 0.01375 0.6966666666666667 0.0275 0.03666666666666667
2 0.20125 0.13833333333333334 0.0225 0.03
2 0.34625 0.20333333333333334 0.0275 0.03666666666666667
2 0.72625 0.8816666666666667 0.0275 0.03666666666666667
2 0.965 0.76 0.03 0.04
2 0.44125 0.20333333333333334 0.0275 0.03666666666666667
2 0.4425 0.08166666666666667 0.03 0.04
2 0.77375 0.20333333333333334 0.0275 0.03666666666666667
2 0.7725 0.14 0.025 0.03333333333333333
2 0.68 0.14333333333333334 0.03 0.04
2 0.58125 0.015 0.0225 0.03
2 0.965 0.45166666666666666 0.03 0.04
2 0.72625 0.9433333333333334 0.0275 0.03666666666666667
2 0.1575 0.945 0.03 0.04
2 0.67625 0.8166666666666667 0.0225 0.03
2 0.395 0.76 0.03 0.04
2 0.25 0.6333333333333333 0.025 0.03333333333333333
2 0.9625 0.9416666666666667 0.025 0.03333333333333333
2 0.34375 0.015 0.0225 0.03
2 0.5375 0.3283333333333333 0.03 0.04
2 0.155 0.14 0.025 0.03333333333333333
2 0.965 0.8216666666666667 0.03 0.04
2 0.3 0.945 0.03 0.04
2 0.82125 0.32666666666666666 0.0275 0.03666666666666667
2 0.25 0.9416666666666667 0.025 0.03333333333333333
2 0.725 0.07833333333333334 0.025 0.03333333333333333
2 0.96125 0.015 0.0225 0.03
2 0.82125 0.5733333333333334 0.0275 0.03666666666666667
2 0.77375 0.5116666666666667 0.0275 0.03666666666666667
2 0.10625 0.07666666666666666 0.0225 0.03
2 0.6775 0.016666666666666666 0.025 0.03333333333333333
2 0.58375 0.635 0.0275 0.03666666666666667
2 0.20375 0.8816666666666667 0.0275 0.03666666666666667
2 0.395 0.8833333333333333 0.03 0.04
2 0.155 0.695 0.025 0.03333333333333333
2 0.86875 0.265 0.0275 0.03666666666666667
2 0.10625 0.8166666666666667 0.0225 0.03
2 0.6775 0.20166666666666666 0.025 0.03333333333333333
2 0.44125 0.82 0.0275 0.03666666666666667
2 0.3 0.575 0.03 0.04
2 0.0125 0.14 0.025 0.03333333333333333
2 0.44125 0.14166666666666666 0.0275 0.03666666666666667
2 0.3475 0.5133333333333333 0.03 0.04
2 0.10625 0.2 0.0225 0.03
2 0.91625 0.20333333333333334 0.0275 0.03666666666666667
2 0.9625 0.51 0.025 0.03333333333333333
2 0.29875 0.82 0.0275 0.03666666666666667
2 0.10875 0.45 0.0275 0.03666666666666667
2 0.10875 0.3883333333333333 0.0275 0.03666666666666667
2 0.0625 0.3283333333333333 0.03 0.04
2 0.2525 0.8216666666666667 0.03 0.04
2 0.4875 0.5716666666666667 0.025 0.03333333333333333
2 0.2525 0.45166666666666666 0.03 0.04
2 0.96375 0.5733333333333334 0.0275 0.03666666666666667
2 0.53375 0.44666666666666666 0.0225 0.03
2 0.205 0.45166666666666666 0.03 0.04
2 0.11 0.6983333333333334 0.03 0.04
2 0.2025 0.5716666666666667 0.025 0.03333333333333333
2 0.2525 0.8833333333333333 0.03 0.04
2 0.8675 0.88 0.025 0.03333333333333333
2 0.3 0.76 0.03 0.04
2 0.25 0.14 0.025 0.03333333333333333
3 0.16125 0.825 0.0375 0.04666666666666667
3 0.7725 0.5783333333333334 0.025 0.04666666666666667
3 0.87125 0.7033333333333334 0.0325 0.05
3 0.06625 0.455 0.0375 0.04666666666666667
3 0.82625 0.825 0.0375 0.04666666666666667
3 0.44625 0.33166666666666667 0.0375 0.04666666666666667
3 0.54 0.635 0.035 0.03666666666666667
3 0.34875 0.7566666666666667 0.0325 0.03333333333333333
3 0.49375 0.27166666666666667 0.0375 0.05
3 0.16125 0.8866666666666667 0.0375 0.04666666666666667
3 0.8725 0.8216666666666667 0.035 0.04
3 0.29875 0.27 0.0275 0.04666666666666667
3 0.20875 0.395 0.0375 0.05
3 0.96125 0.08333333333333333 0.0225 0.043333333333333335
3 0.15625 0.5783333333333334 0.0275 0.04666666666666667
3 0.58 0.5133333333333333 0.02 0.04
3 0.44375 0.9416666666666667 0.0325 0.03333333333333333
3 0.9675 0.3333333333333333 0.035 0.05
3 0.49125 0.5183333333333333 0.0325 0.05
3 0.8675 0.5766666666666667 0.025 0.043333333333333335
3 0.44 0.7 0.025 0.043333333333333335
3 0.20875 0.7016666666666667 0.0375 0.04666666666666667
3 0.39875 0.7016666666666667 0.0375 0.04666666666666667
3 0.39875 0.5783333333333334 0.0375 0.04666666666666667
4 0.925 0.395 0.045 0.05
4 0.16 0.27666666666666667 0.035 0.06
4 0.355 0.95 0.045 0.05
4 0.0225 0.8233333333333334 0.045 0.043333333333333335
4 0.5425 0.8933333333333333 0.04 0.06
4 0.6875 0.3333333333333333 0.045 0.05
4 0.11625 0.3233333333333333 0.0425 0.03
4 0.02125 0.8933333333333333 0.0425 0.06
4 0.0175 0.3383333333333333 0.035 0.06
4 0.45 0.645 0.045 0.056666666666666664
4 0.10875 0.27666666666666667 0.0275 0.06
4 0.15625 0.46166666666666667 0.0275 0.06
4 0.165 0.52 0.045 0.05333333333333334
4 0.355 0.39 0.045 0.04
4 0.9725 0.89 0.045 0.05333333333333334
4 0.115 0.6466666666666666 0.04 0.06
4 0.2125 0.6383333333333333 0.045 0.043333333333333335
4 0.7775 0.8933333333333333 0.035 0.06
4 0.535 0.028333333333333332 0.025 0.056666666666666664
4 0.35375 0.585 0.0425 0.06
4 0.25625 0.3383333333333333 0.0375 0.06
4 0.44875 0.015 0.0425 0.03
4 0.59125 0.215 0.0425 0.06
4 0.6325 0.03 0.03 0.06
4 0.87625 0.7566666666666667 0.0425 0.03333333333333333
4 0.35375 0.3233333333333333 0.0425 0.03
4 0.64 0.39 0.045 0.04
4 0.5925 0.335 0.045 0.05333333333333334
4 0.4975 0.085 0.045 0.04666666666666667
4 0.30625 0.5233333333333333 0.0425 0.06
4 0.015 0.205 0.03 0.04
4 0.01125 0.94 0.0225 0.03
4 0.915 0.88 0.025 0.03333333333333333
4 0.5375 0.26666666666666666 0.03 0.04
4 0.63125 0.08 0.0275 0.03666666666666667
4 0.5825 0.5716666666666667 0.025 0.03333333333333333
4 0.20375 0.08 0.0275 0.03666666666666667
4 0.01375 0.018333333333333333 0.0275 0.03666666666666667
4 0.0125 0.2633333333333333 0.025 0.03333333333333333
4 0.91375 0.6933333333333334 0.0225 0.03
4 0.20125 0.5083333333333333 0.0225 0.03
4 0.4425 0.8833333333333333 0.03 0.04
4 0.0575 0.26 0.02 0.02666666666666667
4 0.06 0.5716666666666667 0.025 0.03333333333333333
5 0.92625 0.5191666666666667 0.0475 0.051666666666666666
5 0.16375 0.21583333333333332 0.0425 0.06166666666666667
5 0.68625 0.27666666666666667 0.0425 0.06
5 0.59125 0.88 0.0425 0.03333333333333333
5 0.68875 0.45916666666666667 0.0475 0.055
5 0.83125 0.3958333333333333 0.0475 0.051666666666666666
5 0.8725 0.955 0.035 0.06
5 0.4975 0.8916666666666667 0.045 0.056666666666666664
5 0.73625 0.2725 0.0475 0.051666666666666666
5 0.165 0.0175 0.045 0.035
5 0.16125 0.3383333333333333 0.0375 0.06
5 0.29625 0.09 0.0225 0.056666666666666664
5 0.07125 0.9458333333333333 0.0475 0.041666666666666664
5 0.67625 0.8925 0.0225 0.058333333333333334
5 0.77125 0.275 0.0225 0.056666666666666664
5 0.4975 0.7 0.045 0.043333333333333335
5 0.01625 0.5241666666666667 0.0325 0.06166666666666667
5 0.0625 0.8941666666666667 0.03 0.06166666666666667
5 0.11625 0.03 0.0425 0.06
5 0.925 0.27166666666666667 0.045 0.05
5 0.68625 0.7708333333333334 0.0425 0.06166666666666667
5 0.24875 0.5841666666666666 0.0225 0.058333333333333334
5 0.1125 0.15333333333333332 0.035 0.06
5 0.35 0.15333333333333332 0.035 0.06
5 0.40125 0.5241666666666667 0.0425 0.06166666666666667
5 0.395 0.030833333333333334 0.03 0.06166666666666667
5 0.64 0.5783333333333334 0.045 0.04666666666666667
5 0.5925 0.7066666666666667 0.045 0.056666666666666664
5 0.4925 0.9558333333333333 0.035 0.06166666666666667
5 0.78 0.0925 0.04 0.06166666666666667
5 0.295 0.6433333333333333 0.02 0.05333333333333334
5 0.925 0.33666666666666667 0.045 0.056666666666666664
5 0.5325 0.5825 0.02 0.055
5 0.97375 0.2125 0.0475 0.055
5 0.8775 0.3283333333333333 0.045 0.04
5 0.77875 0.8316666666666667 0.0375 0.06
5 0.01125 0.5841666666666666 0.0225 0.058333333333333334
5 0.92375 0.0775 0.0425 0.03166666666666667
5 0.3075 0.8883333333333333 0.045 0.05
5 0.82625 0.8933333333333333 0.0375 0.06
5 0.21375 0.3358333333333333 0.0475 0.055
5 0.59375 0.9458333333333333 0.0475 0.041666666666666664
5 0.06375 0.09166666666666666 0.0325 0.06
5 0.25375 0.215 0.0325 0.06
5 0.40375 0.14583333333333334 0.0475 0.045
5 0.16625 0.6375 0.0475 0.041666666666666664
5 0.4025 0.205 0.045 0.04
5 0.2125 0.21166666666666667 0.045 0.05333333333333334
5 0.535 0.09083333333333334 0.025 0.058333333333333334
5 0.0675 0.21583333333333332 0.04 0.06166666666666667
5 0.44125 0.275 0.0275 0.056666666666666664
5 0.0125 0.3983333333333333 0.025 0.056666666666666664
5 0.535 0.9541666666666667 0.025 0.058333333333333334
5 0.63625 0.4625 0.0375 0.06166666666666667
5 0.5875 0.27666666666666667 0.035 0.06
5 0.26 0.09 0.045 0.056666666666666664
5 0.355 0.8308333333333333 0.045 0.058333333333333334
5 0.07 0.7075 0.045 0.058333333333333334
5 0.2125 0.7666666666666667 0.045 0.05333333333333334
5 0.59125 0.13833333333333334 0.0425 0.03
6 0.015 0.08166666666666667 0.03 0.04
6 0.82 0.20166666666666666 0.025 0.03333333333333333
6 0.34625 0.6966666666666667 0.0275 0.03666666666666667
6 0.29625 0.6933333333333334 0.0225 0.03
6 0.91375 0.44666666666666666 0.0225 0.03
6 0.585 0.08166666666666667 0.03 0.04
6 0.82 0.07833333333333334 0.025 0.03333333333333333
6 0.53375 0.385 0.0225 0.03
6 0.915 0.7566666666666667 0.025 0.03333333333333333
6 0.7275 0.5133333333333333 0.03 0.04
6 0.48625 0.8166666666666667 0.0225 0.03
6 0.3 0.3283333333333333 0.03 0.04
6 0.2025 0.2633333333333333 0.025 0.03333333333333333
6 0.965 0.26666666666666666 0.03 0.04
6 0.0125 0.4483333333333333 0.025 0.03333333333333333
6 0.11 0.945 0.03 0.04
6 0.20375 0.018333333333333333 0.0275 0.03666666666666667
6 0.25 0.695 0.025 0.03333333333333333
6 0.535 0.695 0.025 0.03333333333333333
6 0.775 0.945 0.03 0.04
7 0.82 0.4483333333333333 0.025 0.03333333333333333
7 0.24875 0.5083333333333333 0.0225 0.03
7 0.20125 0.94 0.0225 0.03
7 0.8225 0.02 0.03 0.04
7 0.395 0.6366666666666667 0.03 0.04
7 0.72625 0.018333333333333333 0.0275 0.03666666666666667
7 0.3475 0.45166666666666666 0.03 0.04
7 0.63125 0.635 0.0275 0.03666666666666667
7 0.775 0.76 0.03 0.04
7 0.585 0.39 0.03 0.04
7 0.77375 0.018333333333333333 0.0275 0.03666666666666667
7 0.8225 0.6366666666666667 0.03 0.04
7 0.05875 0.6316666666666667 0.0225 0.03
7 0.72625 0.5733333333333334 0.0275 0.03666666666666667
7 0.06125 0.018333333333333333 0.0275 0.03666666666666667
7 0.43875 0.5083333333333333 0.0225 0.03
7 0.205 0.8216666666666667 0.03 0.04
7 0.62875 0.755 0.0225 0.03
7 0.7725 0.325 0.025 0.03333333333333333
7 0.48875 0.7583333333333333 0.0275 0.03666666666666667
7 0.3925 0.8183333333333334 0.025 0.03333333333333333
7 0.72625 0.6966666666666667 0.0275 0.03666666666666667
7 0.29875 0.14166666666666666 0.0275 0.03666666666666667
7 0.63125 0.6966666666666667 0.0275 0.03666666666666667
7 0.15625 0.7583333333333333 0.0275 0.03666666666666667
7 0.77375 0.3883333333333333 0.0275 0.03666666666666667
7 0.86625 0.13833333333333334 0.0225 0.03
7 0.72625 0.82 0.0275 0.03666666666666667
7 0.6325 0.5133333333333333 0.03 0.04
7 0.63125 0.9433333333333334 0.0275 0.03666666666666667