0 0.093125 0.8975 0.04125 0.055
0 0.0775 0.415 0.0425 0.056666666666666664
0 0.455625 0.3858333333333333 0.02875 0.03833333333333333
0 0.64375 0.3933333333333333 0.03 0.04
0 0.396875 0.32083333333333336 0.08125 0.10833333333333334
0 0.0475 0.36833333333333335 0.035 0.04666666666666667
0 0.55125 0.31333333333333335 0.065 0.08666666666666667
0 0.8025 0.22916666666666666 0.075 0.10833333333333334
0 0.735 0.8116666666666666 0.065 0.06333333333333334
0 0.3475 0.16 0.055 0.06666666666666667
0 0.76375 0.8208333333333333 0.0875 0.08833333333333333
0 0.639375 0.13833333333333334 0.03125 0.05333333333333334
0 0.558125 0.25083333333333335 0.04625 0.065
0 0.259375 0.615 0.07625 0.09333333333333334
0 0.595625 0.29333333333333333 0.04875 0.07
0 0.66875 0.20666666666666667 0.04 0.06
0 0.559375 0.59 0.08125 0.13333333333333333
0 0.525625 0.29583333333333334 0.05125 0.07166666666666667
0 0.770625 0.06333333333333334 0.07375 0.11333333333333333
0 0.686875 0.15666666666666668 0.08875 0.07
0 0.663125 0.4 0.06125 0.15333333333333332
0 0.679375 0.22833333333333333 0.08875 0.12
0 0.82 0.66 0.0625 0.14666666666666667
0 0.604375 0.48083333333333333 0.07375 0.14166666666666666
0 0.81125 0.06583333333333333 0.065 0.051666666666666666
0 0.926875 0.9225 0.03125 0.06166666666666667
0 0.28625 0.3175 0.0725 0.058333333333333334
0 0.704375 0.7183333333333334 0.08875 0.06666666666666667
0 0.378125 0.0775 0.08625 0.10833333333333334
0 0.128125 0.5825 0.12625 0.12833333333333333
0 0.281875 0.14083333333333334 0.10875 0.15833333333333333
0 0.153125 0.4708333333333333 0.06625 0.08833333333333333
0 0.4475 0.3675 0.0625 0.075
0 0.144375 0.3283333333333333 0.04875 0.07
0 0.553125 0.27416666666666667 0.11625 0.09166666666666666
0 0.110625 0.059166666666666666 0.04125 0.07166666666666667
0 0.37125 0.6158333333333333 0.095 0.145
0 0.055625 0.4 0.07125 0.14333333333333334
0 0.414375 0.88 0.06625 0.15666666666666668
0 0.274375 0.43083333333333335 0.05375 0.13166666666666665
0 0.083125 0.7641666666666667 0.07125 0.12833333333333333
0 0.146875 0.6983333333333334 0.09125 0.17333333333333334
0 0.116875 0.205 0.12625 0.12
0 0.240625 0.2758333333333333 0.03875 0.08166666666666667
0 0.2275 0.74 0.085 0.09666666666666666
0 0.11 0.28583333333333333 0.0975 0.11166666666666666
0 0.73125 0.1825 0.05 0.06166666666666667
0 0.64 0.44083333333333335 0.095 0.145
0 0.33375 0.8933333333333333 0.0625 0.056666666666666664
0 0.65375 0.51 0.0675 0.09
0 0.875 0.6266666666666667 0.06 0.08
0 0.1325 0.7883333333333333 0.045 0.06
0 0.126875 0.7591666666666667 0.03375 0.045
0 0.766875 0.0875 0.07125 0.095
0 0.2775 0.36666666666666664 0.0375 0.05
0 0.589375 0.20416666666666666 0.07125 0.095
0 0.94 0.5316666666666666 0.06 0.08
0 0.54875 0.3983333333333333 0.0625 0.08333333333333333
0 0.1875 0.055 0.045 0.06
0 0.690625 0.0925 0.04875 0.065
0 0.74625 0.6283333333333333 0.07 0.09333333333333334
0 0.815 0.06833333333333333 0.065 0.08666666666666667
0 0.728125 0.6291666666666667 0.06875 0.09166666666666666
0 0.071875 0.2916666666666667 0.13125 0.17
0 0.77125 0.31333333333333335 0.0675 0.05333333333333334
0 0.520625 0.8791666666666667 0.10375 0.12833333333333333
0 0.693125 0.485 0.06375 0.08666666666666667
0 0.0725 0.845 0.0475 0.06333333333333334
0 0.858125 0.5008333333333334 0.04375 0.058333333333333334
0 0.213125 0.5225 0.06125 0.08166666666666667
0 0.139375 0.8908333333333334 0.07375 0.09833333333333333
0 0.26625 0.33666666666666667 0.075 0.1
0 0.12625 0.695 0.0725 0.09666666666666666
0 0.244375 0.5925 0.04125 0.055