0 0.205625 0.8691666666666666 0.05875 0.07833333333333334
0 0.95 0.95 0.0725 0.09666666666666666
0 0.560625 0.15416666666666667 0.06375 0.085
0 0.395625 0.7091666666666666 0.06875 0.09166666666666666
0 0.42875 0.5766666666666667 0.045 0.06
0 0.33875 0.68 0.0625 0.08333333333333333
0 0.023125 0.4508333333333333 0.04625 0.06166666666666667
0 0.040625 0.5175 0.07875 0.085
0 0.6025 0.8525 0.0725 0.065
0 0.97375 0.1225 0.0425 0.07833333333333334
0 0.0775 0.1025 0.1 0.12166666666666667
0 0.590625 0.32916666666666666 0.04375 0.04833333333333333
0 0.13875 0.5658333333333333 0.05 0.045
0 0.573125 0.6841666666666667 0.04125 0.041666666666666664
0 0.35875 0.5466666666666666 0.055 0.06666666666666667
0 0.911875 0.4275 0.05625 0.095
0 0.848125 0.5633333333333334 0.08875 0.10333333333333333
0 0.598125 0.6616666666666666 0.04125 0.05
0 0.45875 0.4775 0.0375 0.06833333333333333
0 0.601875 0.31416666666666665 0.04875 0.06166666666666667
0 0.0725 0.09333333333333334 0.0675 0.07666666666666666
0 0.1475 0.8041666666666667 0.125 0.115
0 0.8325 0.68 0.07 0.05333333333333334
0 0.590625 0.895 0.05875 0.07
0 0.219375 0.6758333333333333 0.12125 0.08833333333333333
0 0.415625 0.4008333333333333 0.05125 0.09166666666666666
0 0.30375 0.9166666666666666 0.105 0.14666666666666667
0 0.875625 0.07166666666666667 0.12875 0.11
0 0.765625 0.15833333333333333 0.08375 0.16666666666666666
0 0.416875 0.43666666666666665 0.10125 0.16333333333333333
0 0.365625 0.305 0.05875 0.05333333333333334
0 0.72875 0.32 0.075 0.11333333333333333
0 0.39875 0.435 0.08 0.12
0 0.03375 0.8716666666666667 0.0575 0.06
0 0.28375 0.22666666666666666 0.0625 0.07
0 0.4325 0.5633333333333334 0.0575 0.06666666666666667
0 0.79375 0.24083333333333334 0.0375 0.08166666666666667
0 0.60375 0.7141666666666666 0.12 0.14833333333333334
0 0.7625 0.34833333333333333 0.13 0.16666666666666666
0 0.1475 0.7166666666666667 0.0675 0.08
0 0.7975 0.625 0.0675 0.06
0 0.074375 0.8508333333333333 0.05125 0.07833333333333334
0 0.269375 0.7391666666666666 0.03875 0.09166666666666666
0 0.05375 0.3225 0.065 0.16166666666666665
0 0.51875 0.15333333333333332 0.135 0.14
0 0.74625 0.6358333333333334 0.065 0.15166666666666667
0 0.4 0.5675 0.0525 0.13833333333333334
0 0.463125 0.3275 0.07875 0.155
0 0.420625 0.37 0.05875 0.06333333333333334
0 0.934375 0.35583333333333333 0.08125 0.10833333333333334
0 0.0875 0.3516666666666667 0.04 0.05333333333333334
0 0.85875 0.9583333333333334 0.035 0.04666666666666667
0 0.8275 0.385 0.0375 0.05
0 0.903125 0.1825 0.04875 0.065
0 0.101875 0.9125 0.07625 0.10166666666666667
0 0.195625 0.9091666666666667 0.05375 0.07166666666666667
0 0.185625 0.1125 0.05125 0.06833333333333333
0 0.6075 0.5216666666666666 0.0625 0.08333333333333333
0 0.50125 0.8283333333333334 0.0675 0.09
0 0.125625 0.5491666666666667 0.03375 0.045
0 0.333125 0.8775 0.03625 0.04833333333333333
0 0.80875 0.6 0.04 0.05333333333333334
0 0.39125 0.6966666666666667 0.0675 0.09
0 0.666875 0.16 0.05375 0.09666666666666666
0 0.95 0.09 0.0725 0.12333333333333334
0 0.403125 0.19666666666666666 0.04875 0.06666666666666667
0 0.421875 0.6 0.07625 0.09666666666666666
0 0.929375 0.8991666666666667 0.05125 0.06833333333333333
0 0.748125 0.1475 0.06875 0.09166666666666666
0 0.24875 0.33666666666666667 0.0675 0.09
0 0.238125 0.6291666666666667 0.06625 0.08833333333333333
0 0.899375 0.6891666666666667 0.07875 0.105
0 0.668125 0.6925 0.03375 0.045
0 0.32625 0.215 0.05 0.06666666666666667