0 0.156875 0.11583333333333333 0.06125 0.08166666666666667
0 0.3425 0.69 0.065 0.08666666666666667
0 0.660625 0.9558333333333333 0.06375 0.085
0 0.47 0.175 0.0375 0.05
0 0.673125 0.6725 0.02625 0.035
0 0.236875 0.5841666666666666 0.05875 0.07833333333333334
0 0.545625 0.8091666666666667 0.06375 0.085
0 0.055625 0.6916666666666667 0.05625 0.08333333333333333
0 0.375 0.9158333333333334 0.0625 0.09166666666666666
0 0.961875 0.5641666666666667 0.03625 0.051666666666666666
0 0.96875 0.7783333333333333 0.0425 0.056666666666666664
0 0.64625 0.05583333333333333 0.065 0.09166666666666666
0 0.058125 0.725 0.07375 0.08
0 0.611875 0.10666666666666667 0.08875 0.08666666666666667
0 0.238125 0.28583333333333333 0.05625 0.06833333333333333
0 0.536875 0.6175 0.04125 0.06166666666666667
0 0.850625 0.06416666666666666 0.06625 0.065
0 0.89125 0.2775 0.0375 0.051666666666666666
0 0.1525 0.9416666666666667 0.045 0.08
0 0.888125 0.8075 0.11375 0.085
0 0.6425 0.2125 0.055 0.058333333333333334
0 0.77 0.8625 0.0625 0.15166666666666667
0 0.161875 0.96 0.08125 0.07333333333333333
0 0.495 0.47833333333333333 0.075 0.15333333333333332
0 0.2625 0.8125 0.095 0.105
0 0.40125 0.16666666666666666 0.065 0.09666666666666666
0 0.648125 0.3016666666666667 0.11125 0.12333333333333334
0 0.485625 0.7341666666666666 0.09875 0.17833333333333334
0 0.52 0.3925 0.1225 0.115
0 0.349375 0.5833333333333334 0.04625 0.08666666666666667
0 0.758125 0.3358333333333333 0.03875 0.07166666666666667
0 0.05125 0.12666666666666668 0.1025 0.15666666666666668
0 0.540625 0.19833333333333333 0.12125 0.11666666666666667
0 0.374375 0.385 0.06375 0.12333333333333334
0 0.753125 0.2941666666666667 0.05875 0.11833333333333333
0 0.4825 0.595 0.085 0.17
0 0.45125 0.6908333333333333 0.0275 0.065
0 0.315625 0.21166666666666667 0.05625 0.07666666666666666
0 0.143125 0.2991666666666667 0.05625 0.075
0 0.37375 0.8158333333333333 0.1325 0.12833333333333333
0 0.59375 0.7316666666666667 0.1025 0.08666666666666667
0 0.095 0.6433333333333333 0.09 0.16333333333333333
0 0.464375 0.08083333333333333 0.12875 0.11166666666666666
0 0.496875 0.07 0.11875 0.09
0 0.450625 0.7016666666666667 0.05875 0.05333333333333334
0 0.55 0.6158333333333333 0.095 0.08833333333333333
0 0.52875 0.07333333333333333 0.0725 0.05
0 0.51625 0.405 0.125 0.16
0 0.79125 0.5466666666666666 0.05 0.043333333333333335
0 0.290625 0.6641666666666667 0.07375 0.09833333333333333
0 0.89125 0.935 0.065 0.08666666666666667
0 0.675625 0.11416666666666667 0.03375 0.045
0 0.980625 0.6141666666666666 0.03875 0.051666666666666666
0 0.09 0.105 0.055 0.07333333333333333
0 0.756875 0.2375 0.05625 0.075
0 0.34625 0.7633333333333333 0.0525 0.07
0 0.446875 0.3458333333333333 0.03625 0.04833333333333333
0 0.853125 0.5741666666666667 0.03875 0.051666666666666666
0 0.503125 0.09583333333333334 0.07375 0.09833333333333333
0 0.649375 0.9658333333333333 0.03125 0.041666666666666664
0 0.639375 0.8375 0.02375 0.03166666666666667
0 0.80875 0.5583333333333333 0.08 0.10666666666666667
0 0.023125 0.5925 0.03875 0.051666666666666666
0 0.514375 0.4125 0.07875 0.16833333333333333
0 0.6675 0.35833333333333334 0.06 0.04666666666666667
0 0.29125 0.6966666666666667 0.07 0.12
0 0.335625 0.92 0.06875 0.11333333333333333
0 0.156875 0.8691666666666666 0.02625 0.035
0 0.09125 0.8316666666666667 0.03 0.04
0 0.96625 0.64 0.0575 0.07666666666666666
0 0.038125 0.8575 0.05625 0.075
0 0.89375 0.09166666666666666 0.075 0.1
0 0.610625 0.6391666666666667 0.04375 0.058333333333333334
0 0.225 0.7716666666666666 0.06 0.08