0 0.45375 0.5033333333333333 0.0575 0.07666666666666666
0 0.878125 0.2825 0.06375 0.085
0 0.768125 0.4058333333333333 0.04375 0.058333333333333334
0 0.425625 0.3125 0.04875 0.065
0 0.245 0.6016666666666667 0.0625 0.08333333333333333
0 0.2975 0.8083333333333333 0.045 0.06
0 0.560625 0.6875 0.03375 0.045
0 0.741875 0.7616666666666667 0.08875 0.09
0 0.486875 0.6916666666666667 0.05625 0.09
0 0.555 0.595 0.0475 0.08666666666666667
0 0.118125 0.6741666666666667 0.03875 0.06833333333333333
0 0.223125 0.86 0.05375 0.05333333333333334
0 0.6 0.27166666666666667 0.055 0.06333333333333334
0 0.63875 0.8508333333333333 0.0425 0.065
0 0.1 0.22583333333333333 0.0925 0.09833333333333333
0 0.5 0.315 0.025 0.04666666666666667
0 0.03125 0.7966666666666666 0.0325 0.06666666666666667
0 0.695625 0.5916666666666667 0.05625 0.056666666666666664
0 0.685625 0.5933333333333334 0.04125 0.043333333333333335
0 0.223125 0.31166666666666665 0.07125 0.16666666666666666
0 0.934375 0.5533333333333333 0.04625 0.04
0 0.179375 0.135 0.04875 0.05
0 0.384375 0.605 0.05625 0.043333333333333335
0 0.53875 0.7025 0.125 0.165
0 0.920625 0.6858333333333333 0.07625 0.145
0 0.371875 0.455 0.08875 0.12
0 0.49 0.9491666666666667 0.055 0.10166666666666667
0 0.290625 0.6791666666666667 0.05125 0.09833333333333333
0 0.676875 0.49166666666666664 0.12125 0.12333333333333334
0 0.09 0.8841666666666667 0.055 0.058333333333333334
0 0.931875 0.7583333333333333 0.07125 0.08333333333333333
0 0.5 0.3325 0.1125 0.15166666666666667
0 0.781875 0.885 0.11375 0.14333333333333334
0 0.47375 0.375 0.0625 0.06333333333333334
0 0.675625 0.32 0.07375 0.14333333333333334
0 0.473125 0.36333333333333334 0.08125 0.06
0 0.251875 0.8983333333333333 0.09875 0.09333333333333334
0 0.781875 0.8 0.06375 0.056666666666666664
0 0.835 0.73 0.0525 0.09666666666666666
0 0.074375 0.895 0.10125 0.14333333333333334
0 0.37125 0.9116666666666666 0.08 0.15
0 0.881875 0.29333333333333333 0.10875 0.08666666666666667
0 0.74375 0.3825 0.0675 0.051666666666666666
0 0.143125 0.08083333333333333 0.09875 0.08833333333333333
0 0.56375 0.6266666666666667 0.0775 0.05333333333333334
0 0.155625 0.6683333333333333 0.12875 0.11666666666666667
0 0.76125 0.8208333333333333 0.075 0.135
0 0.833125 0.7366666666666667 0.03375 0.07
0 0.66375 0.8408333333333333 0.0375 0.10166666666666667
0 0.2775 0.8483333333333334 0.0725 0.09666666666666666
0 0.1175 0.925 0.0625 0.08333333333333333
0 0.59625 0.3283333333333333 0.07 0.09333333333333334
0 0.215 0.585 0.0825 0.11
0 0.619375 0.7608333333333334 0.02375 0.03166666666666667
0 0.95125 0.695 0.0725 0.09666666666666666
0 0.461875 0.21416666666666667 0.05125 0.06833333333333333
0 0.51375 0.16166666666666665 0.0525 0.07
0 0.940625 0.8425 0.07375 0.09833333333333333
0 0.429375 0.9025 0.04125 0.055
0 0.925 0.9466666666666667 0.0475 0.06333333333333334
0 0.135 0.3016666666666667 0.07 0.09333333333333334
0 0.10375 0.6483333333333333 0.0775 0.10333333333333333
0 0.6075 0.7133333333333334 0.06 0.08
0 0.586875 0.125 0.06375 0.043333333333333335
0 0.213125 0.9041666666666667 0.06625 0.11166666666666666
0 0.57875 0.7191666666666666 0.0475 0.058333333333333334
0 0.75 0.11166666666666666 0.1125 0.07666666666666666
0 0.91375 0.8666666666666667 0.04 0.05333333333333334
0 0.075 0.32166666666666666 0.0475 0.06333333333333334
0 0.868125 0.49416666666666664 0.04625 0.06166666666666667
0 0.431875 0.7475 0.03625 0.04833333333333333
0 0.25 0.9266666666666666 0.0275 0.03666666666666667
0 0.326875 0.39416666666666667 0.03125 0.041666666666666664
0 0.60625 0.041666666666666664 0.035 0.04666666666666667