0 0.95875 0.4866666666666667 0.0575 0.07666666666666666
0 0.254375 0.9308333333333333 0.06625 0.08833333333333333
0 0.2675 0.2816666666666667 0.04 0.05333333333333334
0 0.225 0.21166666666666667 0.0375 0.05
0 0.375 0.805 0.055 0.07333333333333333
0 0.6125 0.64 0.0325 0.043333333333333335
0 0.4025 0.245 0.0625 0.08333333333333333
0 0.530625 0.23083333333333333 0.10625 0.125
0 0.3825 0.49333333333333335 0.0525 0.05333333333333334
0 0.9025 0.10166666666666667 0.0925 0.09
0 0.84625 0.31833333333333336 0.0275 0.05333333333333334
0 0.635625 0.23 0.06625 0.07666666666666666
0 0.565 0.22416666666666665 0.0375 0.058333333333333334
0 0.30375 0.8141666666666667 0.0425 0.06166666666666667
0 0.18375 0.10666666666666667 0.09 0.10333333333333333
0 0.744375 0.07916666666666666 0.04875 0.08166666666666667
0 0.938125 0.42333333333333334 0.03625 0.05333333333333334
0 0.853125 0.9341666666666667 0.04625 0.06166666666666667
0 0.525 0.37833333333333335 0.075 0.07666666666666666
0 0.838125 0.25666666666666665 0.06375 0.14666666666666667
0 0.661875 0.6916666666666667 0.04875 0.07
0 0.381875 0.31 0.07375 0.06666666666666667
0 0.08625 0.3225 0.065 0.10833333333333334
0 0.180625 0.3858333333333333 0.04625 0.075
0 0.231875 0.08666666666666667 0.05875 0.07333333333333333
0 0.268125 0.9225 0.11375 0.13833333333333334
0 0.828125 0.7841666666666667 0.11375 0.165
0 0.29375 0.4125 0.0575 0.03833333333333333
0 0.060625 0.0975 0.07875 0.058333333333333334
0 0.805625 0.88 0.11125 0.11666666666666667
0 0.249375 0.8416666666666667 0.11375 0.14
0 0.553125 0.2841666666666667 0.05875 0.058333333333333334
0 0.929375 0.7416666666666667 0.08625 0.08333333333333333
0 0.14125 0.58 0.0875 0.15
0 0.198125 0.7675 0.06625 0.07166666666666667
0 0.221875 0.12 0.07875 0.11666666666666667
0 0.266875 0.9341666666666667 0.06875 0.07833333333333334
0 0.17875 0.5633333333333334 0.0575 0.06
0 0.72 0.46 0.095 0.09666666666666666
0 0.590625 0.5183333333333333 0.05875 0.07
0 0.2225 0.31833333333333336 0.09 0.13333333333333333
0 0.69625 0.7033333333333334 0.0725 0.12666666666666668
0 0.56625 0.605 0.12 0.17
0 0.17875 0.7225 0.075 0.10166666666666667
0 0.73125 0.7191666666666666 0.1075 0.15833333333333333
0 0.521875 0.050833333333333335 0.04625 0.075
0 0.9525 0.825 0.0725 0.14666666666666667
0 0.083125 0.8141666666666667 0.06375 0.055
0 0.949375 0.6475 0.08875 0.15833333333333333
0 0.136875 0.25416666666666665 0.04125 0.055
0 0.933125 0.3258333333333333 0.07125 0.095
0 0.655625 0.8475 0.04875 0.065
0 0.625 0.47833333333333333 0.04 0.05333333333333334
0 0.116875 0.4675 0.03125 0.041666666666666664
0 0.39375 0.7983333333333333 0.04 0.05333333333333334
0 0.714375 0.37416666666666665 0.03625 0.04833333333333333
0 0.13 0.6866666666666666 0.055 0.07333333333333333
0 0.1325 0.565 0.0425 0.056666666666666664
0 0.63 0.505 0.0475 0.06333333333333334
0 0.28625 0.3383333333333333 0.03 0.04
0 0.081875 0.5025 0.08125 0.10833333333333334
0 0.164375 0.8608333333333333 0.05125 0.06833333333333333
0 0.334375 0.44083333333333335 0.06125 0.08166666666666667
0 0.779375 0.1325 0.08375 0.15833333333333333
0 0.799375 0.8583333333333333 0.06625 0.07666666666666666
0 0.6675 0.12333333333333334 0.065 0.08666666666666667
0 0.3625 0.545 0.09 0.09
0 0.60875 0.3883333333333333 0.035 0.04666666666666667
0 0.455625 0.7141666666666666 0.05375 0.07166666666666667
0 0.52 0.5966666666666667 0.035 0.04666666666666667
0 0.043125 0.5541666666666667 0.05625 0.075
0 0.054375 0.1125 0.06375 0.085
0 0.768125 0.4975 0.05875 0.07833333333333334
0 0.129375 0.9208333333333333 0.04875 0.065