0 0.961875 0.4841666666666667 0.02875 0.03833333333333333
0 0.901875 0.2725 0.03375 0.045
0 0.70625 0.23833333333333334 0.0475 0.06333333333333334
0 0.0625 0.5633333333333334 0.0575 0.07666666666666666
0 0.39 0.6466666666666666 0.0425 0.056666666666666664
0 0.234375 0.30416666666666664 0.07125 0.095
0 0.76125 0.16333333333333333 0.035 0.04666666666666667
0 0.3675 0.15083333333333335 0.095 0.09833333333333333
0 0.244375 0.7491666666666666 0.05375 0.09833333333333333
0 0.350625 0.18 0.07625 0.06666666666666667
0 0.22625 0.84 0.0525 0.07333333333333333
0 0.03875 0.0725 0.03 0.051666666666666666
0 0.81 0.20833333333333334 0.03 0.05
0 0.249375 0.4041666666666667 0.03625 0.058333333333333334
0 0.800625 0.08333333333333333 0.03625 0.06333333333333334
0 0.094375 0.8416666666666667 0.10625 0.13333333333333333
0 0.058125 0.11916666666666667 0.07375 0.09833333333333333
0 0.098125 0.5508333333333333 0.03125 0.051666666666666666
0 0.49375 0.15333333333333332 0.07 0.07666666666666666
0 0.104375 0.6516666666666666 0.09625 0.14666666666666667
0 0.461875 0.12833333333333333 0.05875 0.09333333333333334
0 0.171875 0.22833333333333333 0.05375 0.06
0 0.19625 0.7033333333333334 0.0575 0.1
0 0.15375 0.8891666666666667 0.0625 0.06166666666666667
0 0.828125 0.48 0.04875 0.12666666666666668
0 0.475625 0.83 0.09125 0.13
0 0.31125 0.5608333333333333 0.0575 0.105
0 0.885 0.8241666666666667 0.0975 0.095
0 0.959375 0.7483333333333333 0.05375 0.04666666666666667
0 0.448125 0.5041666666666667 0.05875 0.045
0 0.424375 0.46416666666666667 0.10625 0.14833333333333334
0 0.135 0.2125 0.045 0.10833333333333334
0 0.628125 0.43416666666666665 0.04625 0.041666666666666664
0 0.291875 0.4716666666666667 0.07375 0.12333333333333334
0 0.189375 0.20083333333333334 0.11375 0.165
0 0.534375 0.5308333333333334 0.07125 0.09833333333333333
0 0.6625 0.5266666666666666 0.095 0.11666666666666667
0 0.229375 0.5116666666666667 0.07875 0.11666666666666667
0 0.205625 0.61 0.05375 0.07666666666666666
0 0.266875 0.3908333333333333 0.10125 0.105
0 0.376875 0.45 0.07125 0.056666666666666664
0 0.25625 0.155 0.08 0.08
0 0.3175 0.5858333333333333 0.04 0.06833333333333333
0 0.16625 0.67 0.035 0.08
0 0.74 0.08833333333333333 0.095 0.15
0 0.285625 0.8475 0.06875 0.06833333333333333
0 0.821875 0.08833333333333333 0.13125 0.13666666666666666
0 0.898125 0.6333333333333333 0.12375 0.09
0 0.146875 0.4325 0.10875 0.07833333333333334
0 0.756875 0.8208333333333333 0.04125 0.055
0 0.420625 0.6275 0.05125 0.06833333333333333
0 0.384375 0.035833333333333335 0.04375 0.058333333333333334
0 0.8175 0.12166666666666667 0.035 0.04666666666666667
0 0.145 0.8183333333333334 0.05 0.06666666666666667
0 0.300625 0.8391666666666666 0.05375 0.07166666666666667
0 0.15 0.31666666666666665 0.055 0.07333333333333333
0 0.071875 0.8925 0.05625 0.075
0 0.75875 0.41333333333333333 0.085 0.11333333333333333
0 0.33 0.52 0.0375 0.05
0 0.771875 0.8441666666666666 0.06875 0.09166666666666666
0 0.9475 0.6766666666666666 0.0725 0.09666666666666666
0 0.51125 0.27666666666666667 0.04 0.05333333333333334
0 0.676875 0.9191666666666667 0.06375 0.085
0 0.86125 0.26666666666666666 0.1225 0.15333333333333332
0 0.689375 0.5816666666666667 0.11875 0.13
0 0.60625 0.2658333333333333 0.0475 0.058333333333333334
0 0.07125 0.265 0.08 0.05333333333333334
0 0.9375 0.62 0.06 0.08
0 0.07 0.8916666666666667 0.035 0.04666666666666667
0 0.42125 0.7266666666666667 0.05 0.06666666666666667
0 0.1875 0.76 0.025 0.03333333333333333
0 0.35 0.8383333333333334 0.04 0.05333333333333334
0 0.85375 0.9416666666666667 0.05 0.06666666666666667
0 0.566875 0.6925 0.07125 0.095