0 0.39125 0.385 0.0225 0.03
0 0.34625 0.8816666666666667 0.0275 0.03666666666666667
0 0.77125 0.44666666666666666 0.0225 0.03
0 0.0625 0.575 0.03 0.04
0 0.7275 0.6366666666666667 0.03 0.04
0 0.96125 0.07666666666666666 0.0225 0.03
0 0.63 0.2633333333333333 0.025 0.03333333333333333
0 0.015 0.14333333333333334 0.03 0.04
0 0.43875 0.2 0.0225 0.03
0 0.53375 0.6933333333333334 0.0225 0.03
1 0.965 0.8833333333333333 0.03 0.04
1 0.965 0.575 0.03 0.04
1 0.535 0.88 0.025 0.03333333333333333
1 0.15625 0.5733333333333334 0.0275 0.03666666666666667
1 0.48875 0.635 0.0275 0.03666666666666667
1 0.44125 0.5116666666666667 0.0275 0.03666666666666667
1 0.72625 0.7583333333333333 0.0275 0.03666666666666667
1 0.77375 0.6966666666666667 0.0275 0.03666666666666667
1 0.205 0.3283333333333333 0.03 0.04
1 0.63 0.07833333333333334 0.025 0.03333333333333333
1 0.10625 0.015 0.0225 0.03
1 0.58375 0.7583333333333333 0.0275 0.03666666666666667
1 0.39125 0.57 0.0225 0.03
1 0.915 0.5716666666666667 0.025 0.03333333333333333
1 0.96125 0.5083333333333333 0.0225 0.03
1 0.2975 0.38666666666666666 0.025 0.03333333333333333
1 0.345 0.51 0.025 0.03333333333333333
1 0.72625 0.32666666666666666 0.0275 0.03666666666666667
1 0.25125 0.018333333333333333 0.0275 0.03666666666666667
1 0.8675 0.51 0.025 0.03333333333333333
2 0.7725 0.88 0.025 0.03333333333333333
2 0.20375 0.82 0.0275 0.03666666666666667
2 0.29875 0.5116666666666667 0.0275 0.03666666666666667
2 0.58375 0.5116666666666667 0.0275 0.03666666666666667
2 0.345 0.6333333333333333 0.025 0.03333333333333333
2 0.01375 0.08 0.0275 0.03666666666666667
2 0.86875 0.8816666666666667 0.0275 0.03666666666666667
2 0.20375 0.3883333333333333 0.0275 0.03666666666666667
2 0.72625 0.6966666666666667 0.0275 0.03666666666666667
2 0.86875 0.9433333333333334 0.0275 0.03666666666666667
2 0.775 0.5133333333333333 0.03 0.04
2 0.3475 0.26666666666666666 0.03 0.04
2 0.775 0.945 0.03 0.04
2 0.29875 0.5733333333333334 0.0275 0.03666666666666667
2 0.53625 0.08 0.0275 0.03666666666666667
2 0.63125 0.018333333333333333 0.0275 0.03666666666666667
2 0.775 0.575 0.03 0.04
2 0.205 0.08166666666666667 0.03 0.04
2 0.9175 0.02 0.03 0.04
2 0.58 0.5683333333333334 0.02 0.02666666666666667
2 0.91375 0.8783333333333333 0.0225 0.03
2 0.44125 0.265 0.0275 0.03666666666666667
2 0.535 0.51 0.025 0.03333333333333333
2 0.77375 0.265 0.0275 0.03666666666666667
2 0.05875 0.07666666666666666 0.0225 0.03
2 0.39125 0.8166666666666667 0.0225 0.03
2 0.24875 0.5083333333333333 0.0225 0.03
2 0.82 0.88 0.025 0.03333333333333333
2 0.10875 0.08 0.0275 0.03666666666666667
2 0.10875 0.45 0.0275 0.03666666666666667
2 0.10875 0.6966666666666667 0.0275 0.03666666666666667
2 0.44 0.8183333333333334 0.025 0.03333333333333333
2 0.2975 0.14 0.025 0.03333333333333333
2 0.7275 0.5133333333333333 0.03 0.04
2 0.48875 0.5733333333333334 0.0275 0.03666666666666667
2 0.395 0.14333333333333334 0.03 0.04
2 0.9625 0.20166666666666666 0.025 0.03333333333333333
2 0.29875 0.32666666666666666 0.0275 0.03666666666666667
2 0.5825 0.07833333333333334 0.025 0.03333333333333333
2 0.39375 0.635 0.0275 0.03666666666666667
2 0.20375 0.6966666666666667 0.0275 0.03666666666666667
2 0.06125 0.45 0.0275 0.03666666666666667
2 0.01375 0.3883333333333333 0.0275 0.03666666666666667
2 0.155 0.695 0.025 0.03333333333333333
2 0.535 0.38666666666666666 0.025 0.03333333333333333
2 0.9175 0.76 0.03 0.04
2 0.39375 0.45 0.0275 0.03666666666666667
2 0.39375 0.9433333333333334 0.0275 0.03666666666666667
2 0.48875 0.82 0.0275 0.03666666666666667
2 0.63125 0.635 0.0275 0.03666666666666667
2 0.9175 0.26666666666666666 0.03 0.04
2 0.44125 0.32666666666666666 0.0275 0.03666666666666667
2 0.11 0.8216666666666667 0.03 0.04
2 0.5375 0.45166666666666666 0.03 0.04
2 0.725 0.2633333333333333 0.025 0.03333333333333333
2 0.775 0.02 0.03 0.04
2 0.87 0.26666666666666666 0.03 0.04
2 0.155 0.016666666666666666 0.025 0.03333333333333333
2 0.96125 0.44666666666666666 0.0225 0.03
2 0.0625 0.14333333333333334 0.03 0.04
2 0.20375 0.8816666666666667 0.0275 0.03666666666666667
2 0.86875 0.018333333333333333 0.0275 0.03666666666666667
2 0.4425 0.45166666666666666 0.03 0.04
2 0.11 0.205 0.03 0.04
2 0.20375 0.45 0.0275 0.03666666666666667
2 0.535 0.20166666666666666 0.025 0.03333333333333333
2 0.965 0.945 0.03 0.04
2 0.155 0.4483333333333333 0.025 0.03333333333333333
2 0.39 0.013333333333333334 0.02 0.02666666666666667
2 0.82 0.20166666666666666 0.025 0.03333333333333333
2 0.25 0.6333333333333333 0.025 0.03333333333333333
2 0.2525 0.39 0.03 0.04
2 0.4425 0.76 0.03 0.04
2 0.53625 0.14166666666666666 0.0275 0.03666666666666667
2 0.3 0.26666666666666666 0.03 0.04
2 0.11 0.6366666666666667 0.03 0.04
2 0.06 0.20166666666666666 0.025 0.03333333333333333
2 0.20375 0.018333333333333333 0.0275 0.03666666666666667
2 0.34625 0.20333333333333334 0.0275 0.03666666666666667
2 0.82 0.8183333333333334 0.025 0.03333333333333333
2 0.29875 0.7583333333333333 0.0275 0.03666666666666667
2 0.6775 0.325 0.025 0.03333333333333333
2 0.05875 0.5083333333333333 0.0225 0.03
2 0.81875 0.6933333333333334 0.0225 0.03
2 0.015 0.575 0.03 0.04
2 0.58375 0.265 0.0275 0.03666666666666667
2 0.725 0.8183333333333334 0.025 0.03333333333333333
2 0.2025 0.2633333333333333 0.025 0.03333333333333333
2 0.91375 0.44666666666666666 0.0225 0.03
2 0.1575 0.39 0.03 0.04
2 0.205 0.6366666666666667 0.03 0.04
2 0.96125 0.3233333333333333 0.0225 0.03
2 0.11 0.3283333333333333 0.03 0.04
2 0.11 0.14333333333333334 0.03 0.04
2 0.86875 0.08 0.0275 0.03666666666666667
2 0.01375 0.82 0.0275 0.03666666666666667
2 0.3 0.6366666666666667 0.03 0.04
2 0.62875 0.6933333333333334 0.0225 0.03
2 0.015 0.6366666666666667 0.03 0.04
2 0.06 0.016666666666666666 0.025 0.03333333333333333
2 0.24875 0.2 0.0225 0.03
2 0.48875 0.20333333333333334 0.0275 0.03666666666666667
2 0.01375 0.20333333333333334 0.0275 0.03666666666666667
2 0.06125 0.8816666666666667 0.0275 0.03666666666666667
2 0.395 0.76 0.03 0.04
2 0.06125 0.635 0.0275 0.03666666666666667
2 0.2525 0.575 0.03 0.04
2 0.4425 0.08166666666666667 0.03 0.04
2 0.25125 0.9433333333333334 0.0275 0.03666666666666667
2 0.6775 0.4483333333333333 0.025 0.03333333333333333
2 0.9625 0.8183333333333334 0.025 0.03333333333333333
2 0.06125 0.6966666666666667 0.0275 0.03666666666666667
2 0.155 0.07833333333333334 0.025 0.03333333333333333
2 0.29625 0.6933333333333334 0.0225 0.03
2 0.48875 0.7583333333333333 0.0275 0.03666666666666667
2 0.4425 0.575 0.03 0.04
2 0.01375 0.8816666666666667 0.0275 0.03666666666666667
2 0.67875 0.7583333333333333 0.0275 0.03666666666666667
2 0.63125 0.20333333333333334 0.0275 0.03666666666666667
2 0.20125 0.94 0.0225 0.03
3 0.29875 0.8866666666666667 0.0275 0.04666666666666667
3 0.87125 0.2 0.0325 0.03
3 0.11375 0.395 0.0375 0.05
3 0.7275 0.08666666666666667 0.03 0.05
3 0.73125 0.9466666666666667 0.0375 0.043333333333333335
3 0.44625 0.8833333333333333 0.0375 0.04
3 0.49125 0.95 0.0325 0.05
3 0.49375 0.27 0.0375 0.04666666666666667
3 0.15875 0.13833333333333334 0.0325 0.03
3 0.39125 0.885 0.0225 0.043333333333333335
3 0.92125 0.8233333333333334 0.0375 0.043333333333333335
3 0.25625 0.8233333333333334 0.0375 0.043333333333333335
3 0.255 0.27166666666666667 0.035 0.05
3 0.92 0.08 0.035 0.03666666666666667
3 0.49 0.8883333333333333 0.03 0.05
3 0.77 0.08166666666666667 0.02 0.04
3 0.825 0.395 0.035 0.05
3 0.255 0.88 0.035 0.03333333333333333
3 0.065 0.3333333333333333 0.035 0.05
3 0.3975 0.3333333333333333 0.035 0.05
3 0.15625 0.7633333333333333 0.0275 0.04666666666666667
3 0.2975 0.8233333333333334 0.025 0.043333333333333335
3 0.1125 0.5116666666666667 0.035 0.03666666666666667
3 0.2075 0.21 0.035 0.05
4 0.6875 0.025 0.045 0.05
4 0.8225 0.955 0.03 0.06
4 0.15875 0.3383333333333333 0.0325 0.06
4 0.26 0.46 0.045 0.056666666666666664
4 0.39875 0.09166666666666666 0.0375 0.06
4 0.3075 0.08666666666666667 0.045 0.05
4 0.83 0.335 0.045 0.05333333333333334
4 0.0225 0.5166666666666667 0.045 0.04666666666666667
4 0.4975 0.455 0.045 0.04666666666666667
4 0.735 0.39166666666666666 0.045 0.043333333333333335
4 0.9225 0.4 0.04 0.06
4 0.9725 0.3983333333333333 0.045 0.056666666666666664
4 0.35375 0.6966666666666667 0.0425 0.03666666666666667
4 0.35125 0.77 0.0375 0.06
4 0.44 0.15166666666666667 0.025 0.056666666666666664
4 0.8775 0.705 0.045 0.05333333333333334
4 0.6875 0.15166666666666667 0.045 0.056666666666666664
4 0.4 0.215 0.04 0.06
4 0.6875 0.945 0.045 0.04
4 0.34875 0.15333333333333332 0.0325 0.06
4 0.07 0.9483333333333334 0.045 0.04666666666666667
4 0.1075 0.9533333333333334 0.025 0.056666666666666664
4 0.7825 0.39166666666666666 0.045 0.043333333333333335
4 0.7275 0.03 0.03 0.06
4 0.5925 0.21166666666666667 0.045 0.05333333333333334
4 0.8775 0.825 0.045 0.04666666666666667
4 0.44875 0.015 0.0425 0.03
4 0.35 0.4 0.035 0.06
4 0.68 0.5233333333333333 0.03 0.06
4 0.78125 0.325 0.0425 0.03333333333333333
4 0.62875 0.385 0.0225 0.03
4 0.9175 0.5133333333333333 0.03 0.04
4 0.25125 0.6966666666666667 0.0275 0.03666666666666667
4 0.8225 0.6366666666666667 0.03 0.04
4 0.96125 0.6933333333333334 0.0225 0.03
4 0.96375 0.7583333333333333 0.0275 0.03666666666666667
4 0.20375 0.5733333333333334 0.0275 0.03666666666666667
4 0.15625 0.20333333333333334 0.0275 0.03666666666666667
4 0.58375 0.14166666666666666 0.0275 0.03666666666666667
4 0.68 0.575 0.03 0.04
4 0.6775 0.695 0.025 0.03333333333333333
4 0.6325 0.5133333333333333 0.03 0.04
4 0.585 0.6366666666666667 0.03 0.04
4 0.345 0.325 0.025 0.03333333333333333
5 0.73125 0.4625 0.0375 0.06166666666666667
5 0.45125 0.6425 0.0475 0.051666666666666666
5 0.54125 0.585 0.0375 0.06
5 0.39125 0.5216666666666666 0.0225 0.056666666666666664
5 0.06125 0.8325 0.0275 0.06166666666666667
5 0.8775 0.5858333333333333 0.045 0.06166666666666667
5 0.2525 0.09166666666666666 0.03 0.06
5 0.0125 0.33666666666666667 0.025 0.056666666666666664
5 0.915 0.21416666666666667 0.025 0.058333333333333334
5 0.64 0.9541666666666667 0.045 0.058333333333333334
5 0.64 0.33166666666666667 0.045 0.04666666666666667
5 0.495 0.5233333333333333 0.04 0.06
5 0.825 0.7708333333333334 0.035 0.06166666666666667
5 0.115 0.7708333333333334 0.04 0.06166666666666667
5 0.925 0.3333333333333333 0.045 0.05
5 0.2125 0.14666666666666667 0.045 0.04666666666666667
5 0.59125 0.33916666666666667 0.0425 0.06166666666666667
5 0.01375 0.2758333333333333 0.0275 0.058333333333333334
5 0.7825 0.14666666666666667 0.045 0.04666666666666667
5 0.83 0.018333333333333333 0.045 0.03666666666666667
5 0.635 0.15416666666666667 0.035 0.06166666666666667
5 0.63125 0.7708333333333334 0.0275 0.06166666666666667
5 0.92 0.15333333333333332 0.035 0.06
5 0.7825 0.7683333333333333 0.045 0.056666666666666664
5 0.49625 0.3858333333333333 0.0425 0.03166666666666667
5 0.82875 0.4625 0.0425 0.06166666666666667
5 0.5925 0.3883333333333333 0.045 0.03666666666666667
5 0.64 0.5733333333333334 0.045 0.03666666666666667
5 0.02 0.9558333333333333 0.04 0.06166666666666667
5 0.5425 0.8325 0.04 0.06166666666666667
5 0.86875 0.4 0.0275 0.06
5 0.97125 0.13833333333333334 0.0425 0.03
5 0.59375 0.8908333333333334 0.0475 0.055
5 0.6875 0.2625 0.045 0.03166666666666667
5 0.775 0.215 0.03 0.06
5 0.355 0.45666666666666667 0.045 0.05
5 0.49875 0.08916666666666667 0.0475 0.055
5 0.8775 0.7691666666666667 0.045 0.058333333333333334
5 0.16375 0.94 0.0425 0.03
5 0.495 0.3383333333333333 0.04 0.06
5 0.78375 0.8275 0.0475 0.051666666666666666
5 0.6875 0.8175 0.045 0.03166666666666667
5 0.83 0.5833333333333334 0.045 0.056666666666666664
5 0.63875 0.8783333333333333 0.0425 0.03
5 0.64 0.8175 0.045 0.03166666666666667
5 0.68375 0.8941666666666667 0.0375 0.06166666666666667
5 0.72875 0.215 0.0325 0.06
5 0.53875 0.27666666666666667 0.0325 0.06
5 0.6775 0.6458333333333334 0.025 0.058333333333333334
5 0.925 0.6358333333333334 0.045 0.03833333333333333
5 0.63875 0.4483333333333333 0.0425 0.03333333333333333
5 0.9725 0.635 0.045 0.03666666666666667
5 0.49625 0.7091666666666666 0.0425 0.06166666666666667
5 0.3525 0.9558333333333333 0.04 0.06166666666666667
5 0.9725 0.2733333333333333 0.045 0.05333333333333334
5 0.07 0.27166666666666667 0.045 0.05
5 0.02375 0.7041666666666667 0.0475 0.051666666666666666
5 0.45 0.9425 0.045 0.035
5 0.11625 0.26166666666666666 0.0425 0.03
5 0.06875 0.4 0.0425 0.06
6 0.44125 0.6966666666666667 0.0275 0.03666666666666667
6 0.5825 0.016666666666666666 0.025 0.03333333333333333
6 0.67875 0.08 0.0275 0.03666666666666667
6 0.8225 0.26666666666666666 0.03 0.04
6 0.58375 0.82 0.0275 0.03666666666666667
6 0.6775 0.20166666666666666 0.025 0.03333333333333333
6 0.3475 0.02 0.03 0.04
6 0.87 0.14333333333333334 0.03 0.04
6 0.48625 0.13833333333333334 0.0225 0.03
6 0.8225 0.08166666666666667 0.03 0.04
6 0.11 0.575 0.03 0.04
6 0.53375 0.94 0.0225 0.03
6 0.015 0.45166666666666666 0.03 0.04
6 0.155 0.88 0.025 0.03333333333333333
6 0.96125 0.015 0.0225 0.03
6 0.34625 0.08 0.0275 0.03666666666666667
6 0.24875 0.3233333333333333 0.0225 0.03
6 0.68 0.39 0.03 0.04
6 0.58375 0.6966666666666667 0.0275 0.03666666666666667
6 0.34625 0.82 0.0275 0.03666666666666667
7 0.86875 0.635 0.0275 0.03666666666666667
7 0.53375 0.6316666666666667 0.0225 0.03
7 0.585 0.945 0.03 0.04
7 0.15375 0.26166666666666666 0.0225 0.03
7 0.1575 0.6366666666666667 0.03 0.04
7 0.39375 0.6966666666666667 0.0275 0.03666666666666667
7 0.44125 0.3883333333333333 0.0275 0.03666666666666667
7 0.25125 0.14166666666666666 0.0275 0.03666666666666667
7 0.34625 0.5733333333333334 0.0275 0.03666666666666667
7 0.77375 0.635 0.0275 0.03666666666666667
7 0.48875 0.018333333333333333 0.0275 0.03666666666666667
7 0.91375 0.94 0.0225 0.03
7 0.25 0.7566666666666667 0.025 0.03333333333333333
7 0.1075 0.88 0.025 0.03333333333333333
7 0.15625 0.82 0.0275 0.03666666666666667
7 0.53625 0.7583333333333333 0.0275 0.03666666666666667
7 0.155 0.51 0.025 0.03333333333333333
7 0.20375 0.5116666666666667 0.0275 0.03666666666666667
7 0.72375 0.57 0.0225 0.03
7 0.29875 0.20333333333333334 0.0275 0.03666666666666667
7 0.395 0.26666666666666666 0.03 0.04
7 0.915 0.695 0.025 0.03333333333333333
7 0.29625 0.015 0.0225 0.03
7 0.72375 0.8783333333333333 0.0225 0.03
7 0.20375 0.7583333333333333 0.0275 0.03666666666666667
7 0.82125 0.14166666666666666 0.0275 0.03666666666666667
7 0.8675 0.325 0.025 0.03333333333333333
7 0.2975 0.4483333333333333 0.025 0.03333333333333333
7 0.58 0.445 0.02 0.02666666666666667
7 0.8225 0.5133333333333333 0.03 0.04