0 0.886875 0.5625 0.04125 0.055
0 0.744375 0.8941666666666667 0.03125 0.041666666666666664
0 0.0925 0.02666666666666667 0.0325 0.043333333333333335
0 0.316875 0.16083333333333333 0.03375 0.045
0 0.894375 0.14583333333333334 0.07375 0.09833333333333333
0 0.14125 0.14 0.075 0.1
0 0.253125 0.23583333333333334 0.06375 0.085
0 0.681875 0.5958333333333333 0.08125 0.11833333333333333
0 0.1775 0.3275 0.0425 0.04833333333333333
0 0.865 0.04583333333333333 0.095 0.09166666666666666
0 0.738125 0.20083333333333334 0.03875 0.04833333333333333
0 0.79125 0.9275 0.05 0.08833333333333333
0 0.755 0.5716666666666667 0.05 0.08333333333333333
0 0.509375 0.8566666666666667 0.04375 0.07
0 0.8625 0.7141666666666666 0.0475 0.04833333333333333
0 0.708125 0.19083333333333333 0.07375 0.10833333333333334
0 0.121875 0.4275 0.06375 0.115
0 0.860625 0.26166666666666666 0.05125 0.06666666666666667
0 0.821875 0.15666666666666668 0.04125 0.04666666666666667
0 0.039375 0.23333333333333334 0.06625 0.11666666666666667
0 0.87625 0.2758333333333333 0.0975 0.10833333333333334
0 0.54 0.175 0.08 0.09
0 0.435625 0.2575 0.07875 0.15166666666666667
0 0.435625 0.7241666666666666 0.12875 0.10833333333333334
0 0.91125 0.45166666666666666 0.0575 0.06666666666666667
0 0.89375 0.7766666666666666 0.095 0.09
0 0.045 0.14 0.0325 0.07333333333333333
0 0.7025 0.945 0.055 0.08333333333333333
0 0.40375 0.4875 0.075 0.058333333333333334
0 0.505625 0.68 0.03625 0.06333333333333334
0 0.268125 0.19916666666666666 0.03875 0.065
0 0.319375 0.6175 0.12375 0.11166666666666666
0 0.09625 0.425 0.04 0.08666666666666667
0 0.089375 0.815 0.06875 0.13666666666666666
0 0.495 0.6108333333333333 0.11 0.095
0 0.235625 0.4875 0.08125 0.11166666666666666
0 0.485 0.4525 0.1 0.10833333333333334
0 0.096875 0.10083333333333333 0.04875 0.06833333333333333
0 0.274375 0.7991666666666667 0.08375 0.07166666666666667
0 0.105625 0.44416666666666665 0.06375 0.06166666666666667
0 0.32375 0.5791666666666667 0.085 0.06833333333333333
0 0.783125 0.1225 0.12625 0.10166666666666667
0 0.968125 0.9508333333333333 0.02625 0.058333333333333334
0 0.845625 0.215 0.05375 0.08666666666666667
0 0.9125 0.7066666666666667 0.095 0.14
0 0.96875 0.9375 0.0425 0.028333333333333332
0 0.3425 0.835 0.0325 0.06666666666666667
0 0.09875 0.8516666666666667 0.0475 0.03666666666666667
0 0.75125 0.20416666666666666 0.055 0.08833333333333333
0 0.448125 0.5191666666666667 0.06125 0.08166666666666667
0 0.2375 0.575 0.075 0.1
0 0.496875 0.30583333333333335 0.03875 0.051666666666666666
0 0.91 0.43833333333333335 0.0425 0.056666666666666664
0 0.131875 0.5908333333333333 0.03375 0.045
0 0.33625 0.6866666666666666 0.0475 0.06333333333333334
0 0.16125 0.14833333333333334 0.075 0.1
0 0.439375 0.4425 0.04375 0.058333333333333334
0 0.09125 0.115 0.0625 0.08333333333333333
0 0.34875 0.46 0.0375 0.05
0 0.960625 0.1475 0.05875 0.07833333333333334
0 0.693125 0.5908333333333333 0.02625 0.035
0 0.121875 0.19416666666666665 0.03875 0.051666666666666666
0 0.176875 0.3925 0.04125 0.055
0 0.046875 0.7458333333333333 0.07375 0.11166666666666666
0 0.098125 0.6491666666666667 0.08875 0.10833333333333334
0 0.85 0.5958333333333333 0.055 0.095
0 0.0525 0.6633333333333333 0.0275 0.06333333333333334
0 0.04125 0.5333333333333333 0.06 0.08
0 0.289375 0.9358333333333333 0.08125 0.10833333333333334
0 0.104375 0.4841666666666667 0.03375 0.045
0 0.816875 0.16083333333333333 0.07625 0.10166666666666667
0 0.799375 0.7158333333333333 0.04875 0.065
0 0.235 0.8516666666666667 0.0625 0.08333333333333333
0 0.703125 0.2525 0.03125 0.041666666666666664