0 0.558125 0.3641666666666667 0.06625 0.08833333333333333
0 0.339375 0.4558333333333333 0.04875 0.065
0 0.829375 0.5725 0.04125 0.055
0 0.85625 0.13666666666666666 0.055 0.07333333333333333
0 0.208125 0.1375 0.04875 0.065
0 0.1 0.11833333333333333 0.055 0.07333333333333333
0 0.485625 0.8208333333333333 0.04625 0.06166666666666667
0 0.278125 0.4675 0.06375 0.12166666666666667
0 0.43625 0.95 0.0525 0.04666666666666667
0 0.759375 0.795 0.07125 0.1
0 0.959375 0.5816666666666667 0.06875 0.07666666666666666
0 0.4425 0.12916666666666668 0.0925 0.085
0 0.065625 0.68 0.03625 0.06666666666666667
0 0.8125 0.045 0.0525 0.07333333333333333
0 0.3275 0.09666666666666666 0.085 0.11333333333333333
0 0.4375 0.515 0.055 0.08
0 0.93375 0.475 0.0675 0.09666666666666666
0 0.70875 0.42083333333333334 0.0675 0.07833333333333334
0 0.34125 0.37916666666666665 0.055 0.10166666666666667
0 0.78625 0.8633333333333333 0.09 0.15
0 0.3 0.7158333333333333 0.1 0.09833333333333333
0 0.79 0.905 0.05 0.05
0 0.4675 0.9066666666666666 0.0475 0.06666666666666667
0 0.400625 0.3383333333333333 0.06875 0.06333333333333334
0 0.44875 0.37166666666666665 0.0975 0.12666666666666668
0 0.22625 0.9141666666666667 0.0425 0.06166666666666667
0 0.6375 0.08 0.105 0.1
0 0.151875 0.44416666666666665 0.09875 0.14833333333333334
0 0.5025 0.8433333333333334 0.0425 0.11333333333333333
0 0.715 0.7233333333333334 0.1075 0.18
0 0.64375 0.54 0.0675 0.16
0 0.82 0.2675 0.09 0.085
0 0.341875 0.20666666666666667 0.08625 0.08
0 0.671875 0.7633333333333333 0.12875 0.11666666666666667
0 0.074375 0.8625 0.09625 0.12166666666666667
0 0.33625 0.15166666666666667 0.12 0.09
0 0.20625 0.6075 0.085 0.09166666666666666
0 0.614375 0.695 0.03375 0.06333333333333334
0 0.885 0.9183333333333333 0.1275 0.12
0 0.2875 0.2733333333333333 0.0925 0.08
0 0.511875 0.9708333333333333 0.06125 0.045
0 0.606875 0.5491666666666667 0.05375 0.075
0 0.76125 0.7516666666666667 0.0575 0.08
0 0.85375 0.15 0.13 0.17
0 0.11 0.845 0.1175 0.17
0 0.30125 0.59 0.0725 0.06666666666666667
0 0.43875 0.49083333333333334 0.075 0.08833333333333333
0 0.7775 0.76 0.05 0.05
0 0.788125 0.08916666666666667 0.12625 0.13166666666666665
0 0.665625 0.16416666666666666 0.06375 0.085
0 0.1 0.6366666666666667 0.05 0.06666666666666667
0 0.344375 0.3975 0.06375 0.085
0 0.565625 0.41583333333333333 0.06875 0.09166666666666666
0 0.47875 0.9416666666666667 0.0375 0.05
0 0.08375 0.6 0.035 0.04666666666666667
0 0.570625 0.25583333333333336 0.06125 0.08166666666666667
0 0.405625 0.35583333333333333 0.06375 0.085
0 0.32875 0.9183333333333333 0.075 0.1
0 0.3075 0.6383333333333333 0.0575 0.07666666666666666
0 0.9075 0.345 0.05 0.06666666666666667
0 0.065625 0.6241666666666666 0.04625 0.06166666666666667
0 0.685 0.195 0.0625 0.08333333333333333
0 0.449375 0.25583333333333336 0.06625 0.08833333333333333
0 0.54 0.19 0.07 0.06666666666666667
0 0.164375 0.3958333333333333 0.06625 0.15166666666666667
0 0.723125 0.9408333333333333 0.05625 0.075
0 0.2175 0.7416666666666667 0.0575 0.06333333333333334
0 0.458125 0.0375 0.05375 0.07166666666666667
0 0.695625 0.48083333333333333 0.03875 0.051666666666666666
0 0.54375 0.14166666666666666 0.0525 0.07
0 0.9575 0.6933333333333334 0.055 0.07333333333333333
0 0.895625 0.4091666666666667 0.04125 0.055
0 0.711875 0.4508333333333333 0.04875 0.065
0 0.42125 0.8916666666666667 0.0475 0.06333333333333334