0 0.2525 0.3283333333333333 0.03 0.04
0 0.34625 0.8816666666666667 0.0275 0.03666666666666667
0 0.96 0.63 0.02 0.02666666666666667
0 0.20125 0.57 0.0225 0.03
0 0.48875 0.20333333333333334 0.0275 0.03666666666666667
0 0.015 0.14333333333333334 0.03 0.04
0 0.9175 0.575 0.03 0.04
0 0.6775 0.38666666666666666 0.025 0.03333333333333333
0 0.20375 0.20333333333333334 0.0275 0.03666666666666667
0 0.86875 0.20333333333333334 0.0275 0.03666666666666667
1 0.10875 0.018333333333333333 0.0275 0.03666666666666667
1 0.49 0.575 0.03 0.04
1 0.1075 0.20166666666666666 0.025 0.03333333333333333
1 0.7275 0.76 0.03 0.04
1 0.9175 0.02 0.03 0.04
1 0.3925 0.2633333333333333 0.025 0.03333333333333333
1 0.91375 0.13833333333333334 0.0225 0.03
1 0.67875 0.8816666666666667 0.0275 0.03666666666666667
1 0.7725 0.14 0.025 0.03333333333333333
1 0.1075 0.9416666666666667 0.025 0.03333333333333333
1 0.8175 0.63 0.02 0.02666666666666667
1 0.5375 0.08166666666666667 0.03 0.04
1 0.345 0.6333333333333333 0.025 0.03333333333333333
1 0.91375 0.44666666666666666 0.0225 0.03
1 0.77125 0.07666666666666666 0.0225 0.03
1 0.77125 0.8166666666666667 0.0225 0.03
1 0.585 0.45166666666666666 0.03 0.04
1 0.25125 0.9433333333333334 0.0275 0.03666666666666667
1 0.5825 0.88 0.025 0.03333333333333333
1 0.4875 0.016666666666666666 0.025 0.03333333333333333
2 0.72375 0.07666666666666666 0.0225 0.03
2 0.11 0.8833333333333333 0.03 0.04
2 0.6325 0.945 0.03 0.04
2 0.67875 0.08 0.0275 0.03666666666666667
2 0.34375 0.07666666666666666 0.0225 0.03
2 0.15375 0.755 0.0225 0.03
2 0.72375 0.3233333333333333 0.0225 0.03
2 0.44125 0.265 0.0275 0.03666666666666667
2 0.34625 0.9433333333333334 0.0275 0.03666666666666667
2 0.295 0.32166666666666666 0.02 0.02666666666666667
2 0.34375 0.015 0.0225 0.03
2 0.7275 0.6983333333333334 0.03 0.04
2 0.48875 0.5116666666666667 0.0275 0.03666666666666667
2 0.58125 0.8166666666666667 0.0225 0.03
2 0.5375 0.02 0.03 0.04
2 0.43875 0.8166666666666667 0.0225 0.03
2 0.965 0.5133333333333333 0.03 0.04
2 0.395 0.205 0.03 0.04
2 0.63 0.07833333333333334 0.025 0.03333333333333333
2 0.20375 0.6966666666666667 0.0275 0.03666666666666667
2 0.81875 0.8783333333333333 0.0225 0.03
2 0.205 0.02 0.03 0.04
2 0.01125 0.94 0.0225 0.03
2 0.5375 0.5133333333333333 0.03 0.04
2 0.48875 0.9433333333333334 0.0275 0.03666666666666667
2 0.3475 0.575 0.03 0.04
2 0.3 0.26666666666666666 0.03 0.04
2 0.8225 0.08166666666666667 0.03 0.04
2 0.58375 0.3883333333333333 0.0275 0.03666666666666667
2 0.81875 0.5083333333333333 0.0225 0.03
2 0.01125 0.5083333333333333 0.0225 0.03
2 0.2025 0.6333333333333333 0.025 0.03333333333333333
2 0.8225 0.76 0.03 0.04
2 0.2025 0.51 0.025 0.03333333333333333
2 0.15625 0.5733333333333334 0.0275 0.03666666666666667
2 0.29875 0.5116666666666667 0.0275 0.03666666666666667
2 0.01 0.013333333333333334 0.02 0.02666666666666667
2 0.5825 0.6333333333333333 0.025 0.03333333333333333
2 0.58375 0.5116666666666667 0.0275 0.03666666666666667
2 0.6325 0.8216666666666667 0.03 0.04
2 0.0625 0.02 0.03 0.04
2 0.395 0.02 0.03 0.04
2 0.01375 0.265 0.0275 0.03666666666666667
2 0.77125 0.57 0.0225 0.03
2 0.7725 0.7566666666666667 0.025 0.03333333333333333
2 0.155 0.325 0.025 0.03333333333333333
2 0.48875 0.635 0.0275 0.03666666666666667
2 0.81875 0.8166666666666667 0.0225 0.03
2 0.0625 0.8833333333333333 0.03 0.04
2 0.39125 0.94 0.0225 0.03
2 0.3925 0.14 0.025 0.03333333333333333
2 0.15625 0.9433333333333334 0.0275 0.03666666666666667
2 0.535 0.7566666666666667 0.025 0.03333333333333333
2 0.205 0.08166666666666667 0.03 0.04
2 0.9175 0.8216666666666667 0.03 0.04
2 0.15625 0.635 0.0275 0.03666666666666667
2 0.9175 0.5133333333333333 0.03 0.04
2 0.965 0.08166666666666667 0.03 0.04
2 0.43875 0.5083333333333333 0.0225 0.03
2 0.585 0.6983333333333334 0.03 0.04
2 0.06125 0.5733333333333334 0.0275 0.03666666666666667
2 0.7275 0.26666666666666666 0.03 0.04
2 0.29625 0.385 0.0225 0.03
2 0.4425 0.575 0.03 0.04
2 0.58125 0.015 0.0225 0.03
2 0.4875 0.695 0.025 0.03333333333333333
2 0.1575 0.39 0.03 0.04
2 0.1575 0.8833333333333333 0.03 0.04
2 0.9625 0.20166666666666666 0.025 0.03333333333333333
2 0.485 0.38333333333333336 0.02 0.02666666666666667
2 0.0625 0.205 0.03 0.04
2 0.06125 0.32666666666666666 0.0275 0.03666666666666667
2 0.5375 0.14333333333333334 0.03 0.04
2 0.48875 0.265 0.0275 0.03666666666666667
2 0.96125 0.6933333333333334 0.0225 0.03
2 0.72625 0.5116666666666667 0.0275 0.03666666666666667
2 0.87 0.02 0.03 0.04
2 0.96375 0.7583333333333333 0.0275 0.03666666666666667
2 0.86625 0.13833333333333334 0.0225 0.03
2 0.5825 0.9416666666666667 0.025 0.03333333333333333
2 0.3475 0.14333333333333334 0.03 0.04
2 0.58375 0.14166666666666666 0.0275 0.03666666666666667
2 0.48875 0.8816666666666667 0.0275 0.03666666666666667
2 0.5375 0.945 0.03 0.04
2 0.25125 0.5733333333333334 0.0275 0.03666666666666667
2 0.43875 0.94 0.0225 0.03
2 0.205 0.8216666666666667 0.03 0.04
2 0.25125 0.5116666666666667 0.0275 0.03666666666666667
2 0.44125 0.08 0.0275 0.03666666666666667
2 0.4425 0.6983333333333334 0.03 0.04
2 0.105 0.26 0.02 0.02666666666666667
2 0.0625 0.5133333333333333 0.03 0.04
2 0.29625 0.015 0.0225 0.03
2 0.82125 0.9433333333333334 0.0275 0.03666666666666667
2 0.29875 0.20333333333333334 0.0275 0.03666666666666667
2 0.395 0.08166666666666667 0.03 0.04
2 0.01125 0.755 0.0225 0.03
2 0.96375 0.8816666666666667 0.0275 0.03666666666666667
2 0.91375 0.2 0.0225 0.03
2 0.7275 0.6366666666666667 0.03 0.04
2 0.05875 0.8166666666666667 0.0225 0.03
2 0.58375 0.08 0.0275 0.03666666666666667
2 0.72625 0.5733333333333334 0.0275 0.03666666666666667
2 0.725 0.88 0.025 0.03333333333333333
2 0.6775 0.695 0.025 0.03333333333333333
2 0.63125 0.45 0.0275 0.03666666666666667
2 0.67625 0.2 0.0225 0.03
2 0.24875 0.44666666666666666 0.0225 0.03
2 0.24875 0.015 0.0225 0.03
2 0.6775 0.8183333333333334 0.025 0.03333333333333333
2 0.63125 0.7583333333333333 0.0275 0.03666666666666667
2 0.06 0.6333333333333333 0.025 0.03333333333333333
2 0.585 0.3283333333333333 0.03 0.04
2 0.5375 0.45166666666666666 0.03 0.04
2 0.63125 0.8816666666666667 0.0275 0.03666666666666667
2 0.44 0.325 0.025 0.03333333333333333
2 0.39125 0.755 0.0225 0.03
2 0.63125 0.5733333333333334 0.0275 0.03666666666666667
2 0.06 0.07833333333333334 0.025 0.03333333333333333
2 0.34625 0.3883333333333333 0.0275 0.03666666666666667
3 0.54 0.58 0.035 0.05
3 0.30125 0.8166666666666667 0.0325 0.03
3 0.25375 0.755 0.0325 0.03
3 0.39875 0.575 0.0375 0.04
3 0.30375 0.6366666666666667 0.0375 0.04
3 0.87125 0.07666666666666666 0.0325 0.03
3 0.49125 0.8183333333333334 0.0325 0.03333333333333333
3 0.92 0.765 0.035 0.05
3 0.9625 0.9483333333333334 0.025 0.04666666666666667
3 0.7275 0.14666666666666667 0.03 0.04666666666666667
3 0.82125 0.023333333333333334 0.0275 0.04666666666666667
3 0.0125 0.20666666666666667 0.025 0.043333333333333335
3 0.72625 0.455 0.0275 0.04666666666666667
3 0.48875 0.085 0.0275 0.04666666666666667
3 0.54 0.395 0.035 0.05
3 0.34875 0.3233333333333333 0.0325 0.03
3 0.16125 0.4533333333333333 0.0375 0.043333333333333335
3 0.0625 0.27166666666666667 0.03 0.05
3 0.16 0.8216666666666667 0.035 0.04
3 0.82625 0.58 0.0375 0.05
3 0.11375 0.3933333333333333 0.0375 0.04666666666666667
3 0.065 0.39 0.035 0.04
3 0.01875 0.085 0.0375 0.04666666666666667
3 0.44375 0.8883333333333333 0.0325 0.05
4 0.0225 0.335 0.045 0.05333333333333334
4 0.7825 0.018333333333333333 0.045 0.03666666666666667
4 0.355 0.5183333333333333 0.045 0.05
4 0.8775 0.95 0.045 0.05
4 0.06 0.9533333333333334 0.025 0.056666666666666664
4 0.725 0.83 0.025 0.056666666666666664
4 0.9725 0.575 0.045 0.04
4 0.685 0.955 0.04 0.06
4 0.3075 0.4583333333333333 0.045 0.05333333333333334
4 0.64 0.2733333333333333 0.045 0.05333333333333334
4 0.6875 0.021666666666666667 0.045 0.043333333333333335
4 0.10625 0.46 0.0225 0.056666666666666664
4 0.925 0.885 0.045 0.043333333333333335
4 0.45 0.021666666666666667 0.045 0.043333333333333335
4 0.06125 0.15333333333333332 0.0275 0.06
4 0.59125 0.77 0.0425 0.06
4 0.8775 0.575 0.045 0.04
4 0.59125 0.5716666666666667 0.0425 0.03333333333333333
4 0.54375 0.325 0.0425 0.03333333333333333
4 0.7775 0.6466666666666666 0.035 0.06
4 0.02125 0.46166666666666667 0.0425 0.06
4 0.68625 0.2633333333333333 0.0425 0.03333333333333333
4 0.26 0.7 0.045 0.043333333333333335
4 0.92375 0.27666666666666667 0.0425 0.06
4 0.96625 0.46166666666666667 0.0325 0.06
4 0.825 0.7083333333333334 0.035 0.06
4 0.45 0.4583333333333333 0.045 0.05333333333333334
4 0.7275 0.03 0.03 0.06
4 0.81875 0.21333333333333335 0.0225 0.056666666666666664
4 0.72375 0.21333333333333335 0.0225 0.056666666666666664
4 0.8675 0.7566666666666667 0.025 0.03333333333333333
4 0.25 0.88 0.025 0.03333333333333333
4 0.25125 0.20333333333333334 0.0275 0.03666666666666667
4 0.53625 0.20333333333333334 0.0275 0.03666666666666667
4 0.965 0.39 0.03 0.04
4 0.91625 0.6966666666666667 0.0275 0.03666666666666667
4 0.15375 0.13833333333333334 0.0225 0.03
4 0.25 0.8183333333333334 0.025 0.03333333333333333
4 0.63125 0.32666666666666666 0.0275 0.03666666666666667
4 0.39375 0.635 0.0275 0.03666666666666667
4 0.8225 0.39 0.03 0.04
4 0.915 0.07833333333333334 0.025 0.03333333333333333
4 0.395 0.45166666666666666 0.03 0.04
4 0.62875 0.5083333333333333 0.0225 0.03
5 0.4975 0.7608333333333334 0.045 0.041666666666666664
5 0.26125 0.26916666666666667 0.0475 0.045
5 0.20875 0.3383333333333333 0.0375 0.06
5 0.8675 0.275 0.025 0.056666666666666664
5 0.01875 0.7091666666666666 0.0375 0.06166666666666667
5 0.68625 0.13916666666666666 0.0425 0.03166666666666667
5 0.87625 0.38666666666666666 0.0425 0.03333333333333333
5 0.8275 0.27666666666666667 0.04 0.06
5 0.20875 0.9558333333333333 0.0375 0.06166666666666667
5 0.40375 0.32916666666666666 0.0475 0.041666666666666664
5 0.6875 0.7583333333333333 0.045 0.03666666666666667
5 0.30125 0.7083333333333334 0.0325 0.06
5 0.2025 0.39916666666666667 0.025 0.058333333333333334
5 0.2525 0.4008333333333333 0.03 0.06166666666666667
5 0.4425 0.77 0.03 0.06
5 0.07 0.46 0.045 0.056666666666666664
5 0.3075 0.1525 0.045 0.058333333333333334
5 0.77125 0.5225 0.0225 0.058333333333333334
5 0.16375 0.5083333333333333 0.0425 0.03
5 0.87625 0.5233333333333333 0.0425 0.06
5 0.63125 0.4008333333333333 0.0275 0.06166666666666667
5 0.115 0.6475 0.04 0.06166666666666667
5 0.97125 0.03 0.0425 0.06
5 0.1175 0.515 0.045 0.043333333333333335
5 0.30625 0.8775 0.0425 0.028333333333333332
5 0.78125 0.4625 0.0425 0.06166666666666667
5 0.4975 0.15166666666666667 0.045 0.056666666666666664
5 0.1175 0.7066666666666667 0.045 0.056666666666666664
5 0.4 0.5241666666666667 0.04 0.06166666666666667
5 0.8775 0.6475 0.045 0.06166666666666667
5 0.06625 0.7083333333333334 0.0375 0.06
5 0.63875 0.2 0.0425 0.03
5 0.8775 0.8908333333333334 0.045 0.055
5 0.915 0.39916666666666667 0.025 0.058333333333333334
5 0.4425 0.15333333333333332 0.03 0.06
5 0.545 0.7 0.045 0.043333333333333335
5 0.355 0.7075 0.045 0.058333333333333334
5 0.2 0.7675 0.02 0.055
5 0.3075 0.575 0.045 0.04
5 0.54375 0.27666666666666667 0.0425 0.06
5 0.40125 0.7091666666666666 0.0425 0.06166666666666667
5 0.25875 0.0925 0.0425 0.06166666666666667
5 0.165 0.275 0.045 0.056666666666666664
5 0.1175 0.8283333333333334 0.045 0.05333333333333334
5 0.355 0.4475 0.045 0.03166666666666667
5 0.8775 0.7075 0.045 0.058333333333333334
5 0.45 0.21333333333333335 0.045 0.056666666666666664
5 0.16125 0.7083333333333334 0.0375 0.06
5 0.35625 0.8258333333333333 0.0475 0.04833333333333333
5 0.54125 0.8325 0.0375 0.06166666666666667
5 0.8775 0.45666666666666667 0.045 0.05
5 0.735 0.95 0.045 0.05
5 0.3975 0.4008333333333333 0.035 0.06166666666666667
5 0.96375 0.15416666666666667 0.0275 0.06166666666666667
5 0.685 0.5066666666666667 0.04 0.02666666666666667
5 0.0225 0.64 0.045 0.04666666666666667
5 0.64 0.6458333333333334 0.045 0.058333333333333334
5 0.6875 0.5841666666666666 0.045 0.058333333333333334
5 0.165 0.08666666666666667 0.045 0.05
5 0.39625 0.8316666666666667 0.0325 0.06
6 0.775 0.205 0.03 0.04
6 0.53625 0.635 0.0275 0.03666666666666667
6 0.9175 0.945 0.03 0.04
6 0.77375 0.9433333333333334 0.0275 0.03666666666666667
6 0.43875 0.385 0.0225 0.03
6 0.2025 0.14 0.025 0.03333333333333333
6 0.82125 0.32666666666666666 0.0275 0.03666666666666667
6 0.67625 0.6316666666666667 0.0225 0.03
6 0.77375 0.32666666666666666 0.0275 0.03666666666666667
6 0.775 0.6983333333333334 0.03 0.04
6 0.29875 0.9433333333333334 0.0275 0.03666666666666667
6 0.77375 0.8816666666666667 0.0275 0.03666666666666667
6 0.63125 0.14166666666666666 0.0275 0.03666666666666667
6 0.2975 0.7566666666666667 0.025 0.03333333333333333
6 0.44125 0.635 0.0275 0.03666666666666667
6 0.2025 0.2633333333333333 0.025 0.03333333333333333
6 0.7275 0.39 0.03 0.04
6 0.01375 0.5733333333333334 0.0275 0.03666666666666667
6 0.63125 0.6966666666666667 0.0275 0.03666666666666667
6 0.81875 0.13833333333333334 0.0225 0.03
7 0.7725 0.38666666666666666 0.025 0.03333333333333333
7 0.15375 0.2 0.0225 0.03
7 0.91625 0.32666666666666666 0.0275 0.03666666666666667
7 0.965 0.26666666666666666 0.03 0.04
7 0.86875 0.32666666666666666 0.0275 0.03666666666666667
7 0.01375 0.82 0.0275 0.03666666666666667
7 0.91375 0.6316666666666667 0.0225 0.03
7 0.96375 0.32666666666666666 0.0275 0.03666666666666667
7 0.48875 0.32666666666666666 0.0275 0.03666666666666667
7 0.015 0.39 0.03 0.04
7 0.1075 0.14 0.025 0.03333333333333333
7 0.15625 0.018333333333333333 0.0275 0.03666666666666667
7 0.585 0.26666666666666666 0.03 0.04
7 0.1075 0.5716666666666667 0.025 0.03333333333333333
7 0.105 0.075 0.02 0.02666666666666667
7 0.775 0.26666666666666666 0.03 0.04
7 0.8225 0.45166666666666666 0.03 0.04
7 0.67875 0.32666666666666666 0.0275 0.03666666666666667
7 0.1075 0.7566666666666667 0.025 0.03333333333333333
7 0.39375 0.8816666666666667 0.0275 0.03666666666666667
7 0.0125 0.88 0.025 0.03333333333333333
7 0.2025 0.88 0.025 0.03333333333333333
7 0.68 0.45166666666666666 0.03 0.04
7 0.2025 0.4483333333333333 0.025 0.03333333333333333
7 0.345 0.2633333333333333 0.025 0.03333333333333333
7 0.05875 0.755 0.0225 0.03
7 0.96125 0.8166666666666667 0.0225 0.03
7 0.5375 0.8833333333333333 0.03 0.04
7 0.3475 0.76 0.03 0.04
7 0.34375 0.2 0.0225 0.03