0 0.3475 0.44 0.0325 0.043333333333333335
0 0.80875 0.5433333333333333 0.04 0.05333333333333334
0 0.834375 0.6908333333333333 0.07375 0.09833333333333333
0 0.153125 0.5241666666666667 0.06125 0.08166666666666667
0 0.116875 0.25583333333333336 0.05875 0.07833333333333334
0 0.31375 0.765 0.0525 0.07
0 0.240625 0.5525 0.05875 0.07833333333333334
0 0.405625 0.5491666666666667 0.07875 0.11166666666666666
0 0.489375 0.47583333333333333 0.04875 0.08833333333333333
0 0.77875 0.8991666666666667 0.055 0.08833333333333333
0 0.31375 0.2125 0.05 0.085
0 0.4325 0.5125 0.0675 0.11166666666666666
0 0.453125 0.44 0.04125 0.06333333333333334
0 0.814375 0.4525 0.09125 0.105
0 0.5 0.6558333333333334 0.065 0.09166666666666666
0 0.599375 0.058333333333333334 0.05625 0.07666666666666666
0 0.95125 0.37666666666666665 0.0975 0.13333333333333333
0 0.541875 0.6341666666666667 0.07875 0.085
0 0.720625 0.43833333333333335 0.04125 0.056666666666666664
0 0.273125 0.8775 0.08625 0.12166666666666667
0 0.16 0.27 0.0575 0.06
0 0.24125 0.45 0.085 0.15
0 0.93 0.45416666666666666 0.0675 0.095
0 0.94375 0.555 0.085 0.15666666666666668
0 0.65625 0.08666666666666667 0.0875 0.11333333333333333
0 0.476875 0.7025 0.11375 0.115
0 0.970625 0.11416666666666667 0.04375 0.06166666666666667
0 0.668125 0.20416666666666666 0.03625 0.085
0 0.785625 0.30333333333333334 0.09625 0.07333333333333333
0 0.644375 0.505 0.02875 0.07666666666666666
0 0.80125 0.6608333333333334 0.125 0.12833333333333333
0 0.15 0.2758333333333333 0.105 0.135
0 0.88 0.3325 0.0525 0.04833333333333333
0 0.284375 0.7758333333333334 0.06125 0.15166666666666667
0 0.086875 0.7108333333333333 0.10875 0.10833333333333334
0 0.536875 0.7666666666666667 0.09125 0.16
0 0.108125 0.21916666666666668 0.08125 0.07833333333333334
0 0.4475 0.23833333333333334 0.05 0.09
0 0.9025 0.6266666666666667 0.09 0.12333333333333334
0 0.17375 0.5891666666666666 0.0675 0.08166666666666667
0 0.213125 0.86 0.09375 0.07666666666666666
0 0.423125 0.3441666666666667 0.07125 0.07166666666666667
0 0.94125 0.14666666666666667 0.08 0.06666666666666667
0 0.805 0.20416666666666666 0.075 0.06833333333333333
0 0.909375 0.14 0.11875 0.11
0 0.36375 0.5733333333333334 0.065 0.11333333333333333
0 0.619375 0.5458333333333333 0.05875 0.075
0 0.373125 0.89 0.04625 0.06333333333333334
0 0.628125 0.255 0.08125 0.07666666666666666
0 0.576875 0.4975 0.06125 0.08166666666666667
0 0.734375 0.8675 0.07375 0.09833333333333333
0 0.794375 0.19416666666666665 0.02375 0.03166666666666667
0 0.431875 0.2275 0.03875 0.051666666666666666
0 0.188125 0.9575 0.03375 0.045
0 0.843125 0.5008333333333334 0.05625 0.075
0 0.770625 0.18583333333333332 0.05875 0.07833333333333334
0 0.17125 0.2816666666666667 0.0675 0.09
0 0.1075 0.54 0.075 0.1
0 0.49375 0.73 0.05 0.06666666666666667
0 0.18 0.445 0.0475 0.06333333333333334
0 0.781875 0.6808333333333333 0.02625 0.035
0 0.391875 0.060833333333333336 0.03375 0.045
0 0.05625 0.7833333333333333 0.0425 0.056666666666666664
0 0.785625 0.4525 0.05875 0.04833333333333333
0 0.849375 0.5975 0.06625 0.065
0 0.485 0.59 0.0725 0.09
0 0.415 0.45666666666666667 0.04 0.09666666666666666
0 0.608125 0.7158333333333333 0.05375 0.07166666666666667
0 0.515 0.41 0.035 0.04666666666666667
0 0.52125 0.31833333333333336 0.045 0.06
0 0.556875 0.44416666666666665 0.03875 0.051666666666666666
0 0.0325 0.10333333333333333 0.0625 0.08333333333333333
0 0.53 0.6 0.0425 0.056666666666666664
0 0.52625 0.73 0.04 0.05333333333333334