0 0.621875 0.2375 0.04125 0.055
0 0.53 0.7216666666666667 0.0675 0.09
0 0.404375 0.8308333333333333 0.07875 0.105
0 0.0975 0.615 0.055 0.07333333333333333
0 0.380625 0.8925 0.06625 0.08833333333333333
0 0.57125 0.8766666666666667 0.0675 0.09
0 0.04 0.38166666666666665 0.035 0.04666666666666667
0 0.05625 0.9016666666666666 0.03 0.05333333333333334
0 0.736875 0.3308333333333333 0.05625 0.105
0 0.620625 0.4891666666666667 0.07625 0.06833333333333333
0 0.599375 0.225 0.08375 0.11
0 0.659375 0.54 0.05875 0.10333333333333333
0 0.129375 0.7091666666666666 0.06125 0.11166666666666666
0 0.091875 0.22333333333333333 0.04875 0.08
0 0.2725 0.31416666666666665 0.04 0.045
0 0.329375 0.07 0.06875 0.1
0 0.32625 0.5533333333333333 0.055 0.07333333333333333
0 0.67 0.13083333333333333 0.105 0.13166666666666665
0 0.48875 0.5675 0.08 0.125
0 0.35625 0.8983333333333333 0.0525 0.08333333333333333
0 0.816875 0.14083333333333334 0.07875 0.135
0 0.51 0.09333333333333334 0.06 0.09
0 0.7925 0.1475 0.085 0.135
0 0.790625 0.9108333333333334 0.05625 0.075
0 0.26875 0.05583333333333333 0.08 0.085
0 0.714375 0.47333333333333333 0.09875 0.09333333333333334
0 0.75125 0.09583333333333334 0.12 0.095
0 0.339375 0.23333333333333334 0.04625 0.08666666666666667
0 0.766875 0.1725 0.06125 0.07166666666666667
0 0.63 0.41333333333333333 0.0325 0.07
0 0.915625 0.795 0.08125 0.1
0 0.243125 0.38666666666666666 0.07875 0.12333333333333334
0 0.059375 0.44166666666666665 0.06125 0.15333333333333332
0 0.5475 0.735 0.0525 0.08333333333333333
0 0.92625 0.2825 0.0475 0.035
0 0.86375 0.7525 0.0975 0.07166666666666667
0 0.17 0.3983333333333333 0.0675 0.06333333333333334
0 0.59875 0.29083333333333333 0.105 0.125
0 0.363125 0.3258333333333333 0.05375 0.095
0 0.185625 0.8816666666666667 0.07625 0.10666666666666667
0 0.888125 0.47333333333333333 0.07625 0.07333333333333333
0 0.39875 0.8175 0.075 0.155
0 0.740625 0.1925 0.04625 0.058333333333333334
0 0.92 0.27666666666666667 0.085 0.09
0 0.696875 0.1325 0.07375 0.10833333333333334
0 0.186875 0.515 0.07625 0.07
0 0.335625 0.15416666666666667 0.09875 0.08833333333333333
0 0.96625 0.10083333333333333 0.0475 0.04833333333333333
0 0.29875 0.12 0.05 0.11333333333333333
0 0.84375 0.63 0.055 0.07333333333333333
0 0.726875 0.15416666666666667 0.06625 0.08833333333333333
0 0.246875 0.1875 0.07375 0.09833333333333333
0 0.6325 0.885 0.0425 0.056666666666666664
0 0.75125 0.9216666666666666 0.03 0.04
0 0.6875 0.2733333333333333 0.0325 0.043333333333333335
0 0.885 0.20666666666666667 0.035 0.04666666666666667
0 0.84625 0.545 0.0475 0.06333333333333334
0 0.94625 0.3 0.085 0.11333333333333333
0 0.86375 0.84 0.0675 0.09
0 0.916875 0.6125 0.05875 0.07833333333333334
0 0.359375 0.39416666666666667 0.05875 0.07833333333333334
0 0.203125 0.45416666666666666 0.05625 0.075
0 0.956875 0.4691666666666667 0.07125 0.095
0 0.818125 0.6766666666666666 0.10625 0.10333333333333333
0 0.820625 0.20333333333333334 0.09875 0.08666666666666667
0 0.40875 0.6166666666666667 0.0625 0.10666666666666667
0 0.696875 0.9491666666666667 0.04875 0.051666666666666666
0 0.275625 0.24416666666666667 0.05375 0.07166666666666667
0 0.093125 0.49916666666666665 0.06125 0.08166666666666667
0 0.715 0.515 0.06 0.08
0 0.884375 0.12916666666666668 0.07375 0.09833333333333333
0 0.260625 0.5091666666666667 0.06625 0.08833333333333333
0 0.8625 0.5633333333333334 0.045 0.06
0 0.4775 0.075 0.025 0.03333333333333333