0 0.145 0.49666666666666665 0.0525 0.07
0 0.906875 0.32083333333333336 0.06375 0.085
0 0.80375 0.6483333333333333 0.05 0.06666666666666667
0 0.580625 0.6225 0.05125 0.06833333333333333
0 0.02875 0.9183333333333333 0.0575 0.07666666666666666
0 0.138125 0.2991666666666667 0.05875 0.07833333333333334
0 0.851875 0.8541666666666666 0.04875 0.065
0 0.72125 0.115 0.1025 0.14666666666666667
0 0.414375 0.8533333333333334 0.03875 0.05
0 0.600625 0.6541666666666667 0.03375 0.051666666666666666
0 0.0625 0.8225 0.0425 0.051666666666666666
0 0.943125 0.5141666666666667 0.06625 0.105
0 0.690625 0.14333333333333334 0.10125 0.13333333333333333
0 0.909375 0.5075 0.04875 0.06166666666666667
0 0.795 0.31333333333333335 0.065 0.07333333333333333
0 0.898125 0.275 0.09375 0.11
0 0.90625 0.9758333333333333 0.0275 0.04833333333333333
0 0.088125 0.965 0.05625 0.056666666666666664
0 0.551875 0.2575 0.05375 0.06833333333333333
0 0.7625 0.4925 0.07 0.125
0 0.765625 0.058333333333333334 0.12625 0.10666666666666667
0 0.55125 0.9633333333333334 0.055 0.07333333333333333
0 0.86375 0.4483333333333333 0.0675 0.06
0 0.195625 0.5408333333333334 0.12125 0.08833333333333333
0 0.066875 0.3908333333333333 0.05125 0.07166666666666667
0 0.575 0.7216666666666667 0.07 0.14
0 0.534375 0.3433333333333333 0.11875 0.08333333333333333
0 0.21125 0.56 0.0425 0.08333333333333333
0 0.260625 0.8358333333333333 0.05875 0.07166666666666667
0 0.213125 0.24166666666666667 0.05375 0.06333333333333334
0 0.378125 0.35 0.11875 0.17333333333333334
0 0.8875 0.6475 0.05 0.105
0 0.218125 0.6083333333333333 0.11875 0.16333333333333333
0 0.7125 0.20333333333333334 0.0575 0.08
0 0.06125 0.9491666666666667 0.03 0.065
0 0.650625 0.6575 0.05625 0.08833333333333333
0 0.245 0.31583333333333335 0.1 0.15833333333333333
0 0.795625 0.2608333333333333 0.04875 0.041666666666666664
0 0.9625 0.355 0.0475 0.07666666666666666
0 0.7625 0.7091666666666666 0.0875 0.06166666666666667
0 0.8775 0.21583333333333332 0.045 0.041666666666666664
0 0.154375 0.6483333333333333 0.11875 0.17333333333333334
0 0.574375 0.3625 0.09125 0.095
0 0.404375 0.95 0.04375 0.09666666666666666
0 0.170625 0.9125 0.02875 0.075
0 0.35 0.8158333333333333 0.0575 0.13166666666666665
0 0.75125 0.7091666666666666 0.06 0.041666666666666664
0 0.821875 0.5175 0.06375 0.06833333333333333
0 0.93625 0.49 0.0775 0.11
0 0.048125 0.0725 0.03375 0.045
0 0.06 0.105 0.0375 0.05
0 0.890625 0.6458333333333334 0.03875 0.051666666666666666
0 0.55375 0.185 0.0575 0.07666666666666666
0 0.51125 0.9016666666666666 0.0275 0.03666666666666667
0 0.26 0.6166666666666667 0.0675 0.09
0 0.36375 0.6366666666666667 0.0725 0.09666666666666666
0 0.153125 0.7708333333333334 0.04375 0.058333333333333334
0 0.645625 0.5641666666666667 0.06625 0.08833333333333333
0 0.6 0.385 0.05 0.06666666666666667
0 0.260625 0.43416666666666665 0.03375 0.045
0 0.33125 0.465 0.0725 0.09666666666666666
0 0.088125 0.8191666666666667 0.07375 0.09833333333333333
0 0.4875 0.8816666666666667 0.0325 0.043333333333333335
0 0.06125 0.9525 0.0525 0.06166666666666667
0 0.37125 0.8091666666666667 0.0675 0.065
0 0.569375 0.31916666666666665 0.04375 0.065
0 0.3525 0.7516666666666667 0.045 0.11
0 0.21375 0.5416666666666666 0.0725 0.09666666666666666
0 0.368125 0.8141666666666667 0.07875 0.105
0 0.53875 0.7983333333333333 0.0325 0.043333333333333335
0 0.276875 0.22416666666666665 0.06125 0.08166666666666667
0 0.76625 0.8683333333333333 0.0375 0.05
0 0.295625 0.5941666666666666 0.06125 0.08166666666666667
0 0.519375 0.32916666666666666 0.05875 0.07833333333333334