0 0.29 0.9483333333333334 0.02 0.02666666666666667
1 0.45 0.23333333333333334 0.02 0.02666666666666667
1 0.37 0.7283333333333334 0.02 0.02666666666666667
2 0.77 0.5083333333333333 0.02 0.02666666666666667
2 0.05 0.6183333333333333 0.02 0.02666666666666667
2 0.49 0.12333333333333334 0.02 0.02666666666666667
2 0.65 0.7833333333333333 0.02 0.02666666666666667
2 0.65 0.8383333333333334 0.02 0.02666666666666667
2 0.69 0.7833333333333333 0.02 0.02666666666666667
3 0.21 0.46 0.02 0.04
3 0.77 0.13 0.02 0.04
3 0.05 0.68 0.02 0.04
3 0.17 0.57 0.02 0.04
3 0.29 0.57 0.02 0.04
3 0.97 0.46 0.02 0.04
3 0.73 0.515 0.02 0.04
3 0.69 0.735 0.02 0.04
3 0.09 0.35 0.02 0.04
3 0.41 0.515 0.02 0.04
3 0.93 0.185 0.02 0.04
3 0.01 0.405 0.02 0.04
4 0.97 0.6866666666666666 0.02 0.05333333333333334
4 0.65 0.4116666666666667 0.02 0.05333333333333334
4 0.25 0.24666666666666667 0.02 0.05333333333333334
4 0.29 0.19166666666666668 0.02 0.05333333333333334
4 0.41 0.4666666666666667 0.02 0.05333333333333334
4 0.33 0.19166666666666668 0.02 0.05333333333333334
4 0.13 0.9066666666666666 0.02 0.05333333333333334
4 0.13 0.5216666666666666 0.02 0.05333333333333334
4 0.25 0.4116666666666667 0.02 0.05333333333333334
4 0.17 0.19166666666666668 0.02 0.05333333333333334
4 0.33 0.9066666666666666 0.02 0.05333333333333334
4 0.73 0.19166666666666668 0.02 0.05333333333333334
4 0.01 0.5766666666666667 0.02 0.05333333333333334
4 0.29 0.4666666666666667 0.02 0.05333333333333334
4 0.93 0.6866666666666666 0.02 0.05333333333333334
4 0.69 0.6866666666666666 0.02 0.05333333333333334
4 0.37 0.3566666666666667 0.02 0.05333333333333334
4 0.97 0.9066666666666666 0.02 0.05333333333333334
4 0.13 0.24666666666666667 0.02 0.05333333333333334
4 0.69 0.19166666666666668 0.02 0.05333333333333334
4 0.85 0.3566666666666667 0.02 0.05333333333333334
4 0.09 0.5216666666666666 0.02 0.05333333333333334
4 0.25 0.08166666666666667 0.02 0.05333333333333334
4 0.65 0.5766666666666667 0.02 0.05333333333333334
4 0.61 0.24666666666666667 0.02 0.05333333333333334
4 0.97 0.5766666666666667 0.02 0.05333333333333334
4 0.45 0.3566666666666667 0.02 0.05333333333333334
4 0.37 0.6866666666666666 0.02 0.05333333333333334
4 0.85 0.02666666666666667 0.02 0.05333333333333334
4 0.85 0.5216666666666666 0.02 0.05333333333333334
4 0.73 0.6733333333333333 0.02 0.02666666666666667
4 0.57 0.013333333333333334 0.02 0.02666666666666667
4 0.41 0.3983333333333333 0.02 0.02666666666666667
4 0.29 0.6733333333333333 0.02 0.02666666666666667
4 0.25 0.9483333333333334 0.02 0.02666666666666667
4 0.65 0.3433333333333333 0.02 0.02666666666666667
4 0.33 0.12333333333333334 0.02 0.02666666666666667
4 0.53 0.6183333333333333 0.02 0.02666666666666667
4 0.53 0.17833333333333334 0.02 0.02666666666666667
4 0.69 0.8933333333333333 0.02 0.02666666666666667
4 0.21 0.8933333333333333 0.02 0.02666666666666667
4 0.45 0.8383333333333334 0.02 0.02666666666666667
4 0.29 0.7283333333333334 0.02 0.02666666666666667
4 0.69 0.5633333333333334 0.02 0.02666666666666667
5 0.53 0.6875 0.02 0.055
5 0.89 0.9075 0.02 0.055
5 0.98 0.6183333333333333 0.04 0.02666666666666667
5 0.62 0.7283333333333334 0.04 0.02666666666666667
6 0.49 0.6733333333333333 0.02 0.02666666666666667
6 0.33 0.28833333333333333 0.02 0.02666666666666667
7 0.49 0.17833333333333334 0.02 0.02666666666666667
7 0.49 0.6183333333333333 0.02 0.02666666666666667
7 0.37 0.6183333333333333 0.02 0.02666666666666667