0 0.345 0.14 0.025 0.03333333333333333
0 0.29875 0.6966666666666667 0.0275 0.03666666666666667
0 0.01125 0.13833333333333334 0.0225 0.03
0 0.5825 0.5716666666666667 0.025 0.03333333333333333
0 0.395 0.6366666666666667 0.03 0.04
0 0.96375 0.018333333333333333 0.0275 0.03666666666666667
0 0.77375 0.5733333333333334 0.0275 0.03666666666666667
0 0.25 0.20166666666666666 0.025 0.03333333333333333
0 0.68 0.76 0.03 0.04
0 0.9175 0.3283333333333333 0.03 0.04
1 0.58125 0.385 0.0225 0.03
1 0.965 0.26666666666666666 0.03 0.04
1 0.82125 0.08 0.0275 0.03666666666666667
1 0.3475 0.6366666666666667 0.03 0.04
1 0.015 0.02 0.03 0.04
1 0.5375 0.575 0.03 0.04
1 0.58375 0.635 0.0275 0.03666666666666667
1 0.8675 0.07833333333333334 0.025 0.03333333333333333
1 0.585 0.08166666666666667 0.03 0.04
1 0.965 0.5133333333333333 0.03 0.04
1 0.4375 0.8766666666666667 0.02 0.02666666666666667
1 0.01125 0.2 0.0225 0.03
1 0.48875 0.5733333333333334 0.0275 0.03666666666666667
1 0.44125 0.5733333333333334 0.0275 0.03666666666666667
1 0.01375 0.3883333333333333 0.0275 0.03666666666666667
1 0.395 0.26666666666666666 0.03 0.04
1 0.86625 0.6316666666666667 0.0225 0.03
1 0.6775 0.14 0.025 0.03333333333333333
1 0.10875 0.14166666666666666 0.0275 0.03666666666666667
1 0.53625 0.14166666666666666 0.0275 0.03666666666666667
2 0.725 0.51 0.025 0.03333333333333333
2 0.24875 0.3233333333333333 0.0225 0.03
2 0.9175 0.26666666666666666 0.03 0.04
2 0.2025 0.7566666666666667 0.025 0.03333333333333333
2 0.015 0.945 0.03 0.04
2 0.96375 0.08 0.0275 0.03666666666666667
2 0.67875 0.5733333333333334 0.0275 0.03666666666666667
2 0.10875 0.82 0.0275 0.03666666666666667
2 0.63125 0.6966666666666667 0.0275 0.03666666666666667
2 0.49 0.3283333333333333 0.03 0.04
2 0.86875 0.018333333333333333 0.0275 0.03666666666666667
2 0.91625 0.8816666666666667 0.0275 0.03666666666666667
2 0.01125 0.755 0.0225 0.03
2 0.15625 0.8816666666666667 0.0275 0.03666666666666667
2 0.06125 0.45 0.0275 0.03666666666666667
2 0.25125 0.018333333333333333 0.0275 0.03666666666666667
2 0.1575 0.14333333333333334 0.03 0.04
2 0.3925 0.38666666666666666 0.025 0.03333333333333333
2 0.9625 0.8183333333333334 0.025 0.03333333333333333
2 0.34625 0.5116666666666667 0.0275 0.03666666666666667
2 0.725 0.07833333333333334 0.025 0.03333333333333333
2 0.3925 0.9416666666666667 0.025 0.03333333333333333
2 0.775 0.08166666666666667 0.03 0.04
2 0.77375 0.6966666666666667 0.0275 0.03666666666666667
2 0.2525 0.08166666666666667 0.03 0.04
2 0.725 0.016666666666666666 0.025 0.03333333333333333
2 0.015 0.45166666666666666 0.03 0.04
2 0.39125 0.07666666666666666 0.0225 0.03
2 0.7275 0.39 0.03 0.04
2 0.3 0.205 0.03 0.04
2 0.44 0.325 0.025 0.03333333333333333
2 0.81875 0.015 0.0225 0.03
2 0.675 0.19833333333333333 0.02 0.02666666666666667
2 0.63125 0.7583333333333333 0.0275 0.03666666666666667
2 0.86875 0.7583333333333333 0.0275 0.03666666666666667
2 0.39375 0.7583333333333333 0.0275 0.03666666666666667
2 0.49 0.205 0.03 0.04
2 0.44 0.7566666666666667 0.025 0.03333333333333333
2 0.4425 0.6366666666666667 0.03 0.04
2 0.0125 0.51 0.025 0.03333333333333333
2 0.82125 0.82 0.0275 0.03666666666666667
2 0.0625 0.8216666666666667 0.03 0.04
2 0.1075 0.4483333333333333 0.025 0.03333333333333333
2 0.7725 0.7566666666666667 0.025 0.03333333333333333
2 0.0125 0.695 0.025 0.03333333333333333
2 0.7275 0.8833333333333333 0.03 0.04
2 0.06125 0.7583333333333333 0.0275 0.03666666666666667
2 0.34625 0.08 0.0275 0.03666666666666667
2 0.81875 0.26166666666666666 0.0225 0.03
2 0.06125 0.8816666666666667 0.0275 0.03666666666666667
2 0.49 0.14333333333333334 0.03 0.04
2 0.485 0.445 0.02 0.02666666666666667
2 0.205 0.08166666666666667 0.03 0.04
2 0.91625 0.14166666666666666 0.0275 0.03666666666666667
2 0.915 0.6333333333333333 0.025 0.03333333333333333
2 0.8675 0.20166666666666666 0.025 0.03333333333333333
2 0.4425 0.205 0.03 0.04
2 0.205 0.5133333333333333 0.03 0.04
2 0.96 0.445 0.02 0.02666666666666667
2 0.8225 0.6366666666666667 0.03 0.04
2 0.96125 0.94 0.0225 0.03
2 0.8675 0.5716666666666667 0.025 0.03333333333333333
2 0.44125 0.265 0.0275 0.03666666666666667
2 0.63125 0.45 0.0275 0.03666666666666667
2 0.10875 0.7583333333333333 0.0275 0.03666666666666667
2 0.9625 0.325 0.025 0.03333333333333333
2 0.06 0.38666666666666666 0.025 0.03333333333333333
2 0.395 0.8833333333333333 0.03 0.04
2 0.34375 0.8166666666666667 0.0225 0.03
2 0.82125 0.6966666666666667 0.0275 0.03666666666666667
2 0.67875 0.265 0.0275 0.03666666666666667
2 0.48625 0.8783333333333333 0.0225 0.03
2 0.77375 0.8816666666666667 0.0275 0.03666666666666667
2 0.6775 0.9416666666666667 0.025 0.03333333333333333
2 0.5375 0.45166666666666666 0.03 0.04
2 0.53625 0.265 0.0275 0.03666666666666667
2 0.20375 0.5733333333333334 0.0275 0.03666666666666667
2 0.3475 0.205 0.03 0.04
2 0.01375 0.08 0.0275 0.03666666666666667
2 0.20375 0.8816666666666667 0.0275 0.03666666666666667
2 0.63125 0.5116666666666667 0.0275 0.03666666666666667
2 0.86875 0.82 0.0275 0.03666666666666667
2 0.1575 0.945 0.03 0.04
2 0.87 0.45166666666666666 0.03 0.04
2 0.11 0.08166666666666667 0.03 0.04
2 0.58125 0.6933333333333334 0.0225 0.03
2 0.44 0.4483333333333333 0.025 0.03333333333333333
2 0.5825 0.7566666666666667 0.025 0.03333333333333333
2 0.58375 0.45 0.0275 0.03666666666666667
2 0.20375 0.635 0.0275 0.03666666666666667
2 0.8225 0.14333333333333334 0.03 0.04
2 0.7275 0.6366666666666667 0.03 0.04
2 0.48875 0.265 0.0275 0.03666666666666667
2 0.91375 0.6933333333333334 0.0225 0.03
2 0.0625 0.26666666666666666 0.03 0.04
2 0.915 0.5716666666666667 0.025 0.03333333333333333
2 0.6325 0.26666666666666666 0.03 0.04
2 0.11 0.39 0.03 0.04
2 0.015 0.8833333333333333 0.03 0.04
2 0.29625 0.3233333333333333 0.0225 0.03
2 0.53625 0.9433333333333334 0.0275 0.03666666666666667
2 0.965 0.6983333333333334 0.03 0.04
2 0.01125 0.6316666666666667 0.0225 0.03
2 0.2975 0.14 0.025 0.03333333333333333
2 0.29875 0.3883333333333333 0.0275 0.03666666666666667
2 0.53375 0.6933333333333334 0.0225 0.03
2 0.96375 0.3883333333333333 0.0275 0.03666666666666667
2 0.5375 0.205 0.03 0.04
2 0.15625 0.82 0.0275 0.03666666666666667
2 0.63125 0.32666666666666666 0.0275 0.03666666666666667
2 0.68 0.45166666666666666 0.03 0.04
2 0.4425 0.6983333333333334 0.03 0.04
2 0.72625 0.9433333333333334 0.0275 0.03666666666666667
2 0.25125 0.3883333333333333 0.0275 0.03666666666666667
2 0.29875 0.9433333333333334 0.0275 0.03666666666666667
2 0.15625 0.635 0.0275 0.03666666666666667
2 0.72625 0.82 0.0275 0.03666666666666667
2 0.1575 0.6983333333333334 0.03 0.04
2 0.72375 0.3233333333333333 0.0225 0.03
2 0.2975 0.88 0.025 0.03333333333333333
3 0.49375 0.9466666666666667 0.0375 0.043333333333333335
3 0.82625 0.3933333333333333 0.0375 0.04666666666666667
3 0.4875 0.7 0.025 0.043333333333333335
3 0.2075 0.32666666666666666 0.035 0.03666666666666667
3 0.2025 0.145 0.025 0.043333333333333335
3 0.82375 0.2 0.0325 0.03
3 0.3975 0.45166666666666666 0.035 0.04
3 0.915 0.8233333333333334 0.025 0.043333333333333335
3 0.54125 0.5166666666666667 0.0375 0.04666666666666667
3 0.39875 0.21 0.0375 0.05
3 0.01875 0.5766666666666667 0.0375 0.043333333333333335
3 0.20625 0.8166666666666667 0.0325 0.03
3 0.82125 0.9483333333333334 0.0275 0.04666666666666667
3 0.445 0.3883333333333333 0.035 0.03666666666666667
3 0.49375 0.7633333333333333 0.0375 0.04666666666666667
3 0.35125 0.27 0.0375 0.04666666666666667
3 0.16 0.5133333333333333 0.035 0.04
3 0.16125 0.20833333333333334 0.0375 0.04666666666666667
3 0.2525 0.8883333333333333 0.03 0.05
3 0.16 0.27166666666666667 0.035 0.05
3 0.9675 0.6333333333333333 0.035 0.03333333333333333
3 0.44375 0.95 0.0325 0.05
3 0.34625 0.33166666666666667 0.0275 0.04666666666666667
3 0.49375 0.8233333333333334 0.0375 0.043333333333333335
4 0.2575 0.585 0.04 0.06
4 0.355 0.7066666666666667 0.045 0.056666666666666664
4 0.83 0.4533333333333333 0.045 0.043333333333333335
4 0.05875 0.5216666666666666 0.0225 0.056666666666666664
4 0.68625 0.6466666666666666 0.0425 0.06
4 0.4025 0.3283333333333333 0.045 0.04
4 0.965 0.8933333333333333 0.03 0.06
4 0.9725 0.20666666666666667 0.045 0.043333333333333335
4 0.3075 0.645 0.045 0.056666666666666664
4 0.6875 0.515 0.045 0.043333333333333335
4 0.92 0.4 0.035 0.06
4 0.165 0.018333333333333333 0.045 0.03666666666666667
4 0.2525 0.7083333333333334 0.03 0.06
4 0.73125 0.46166666666666667 0.0375 0.06
4 0.11625 0.015 0.0425 0.03
4 0.6825 0.4 0.035 0.06
4 0.8225 0.3383333333333333 0.03 0.06
4 0.97125 0.5716666666666667 0.0425 0.03333333333333333
4 0.165 0.575 0.045 0.04
4 0.30625 0.07833333333333334 0.0425 0.03333333333333333
4 0.5925 0.945 0.045 0.04
4 0.20625 0.7083333333333334 0.0325 0.06
4 0.77375 0.33666666666666667 0.0275 0.056666666666666664
4 0.21125 0.94 0.0425 0.03
4 0.7725 0.645 0.025 0.056666666666666664
4 0.4975 0.02 0.045 0.04
4 0.8775 0.5216666666666666 0.045 0.056666666666666664
4 0.925 0.5133333333333333 0.045 0.04
4 0.545 0.335 0.045 0.05333333333333334
4 0.16375 0.3383333333333333 0.0425 0.06
4 0.91625 0.018333333333333333 0.0275 0.03666666666666667
4 0.20375 0.265 0.0275 0.03666666666666667
4 0.585 0.205 0.03 0.04
4 0.0625 0.575 0.03 0.04
4 0.4875 0.6333333333333333 0.025 0.03333333333333333
4 0.67875 0.08 0.0275 0.03666666666666667
4 0.155 0.38666666666666666 0.025 0.03333333333333333
4 0.2025 0.20166666666666666 0.025 0.03333333333333333
4 0.6775 0.325 0.025 0.03333333333333333
4 0.72625 0.6966666666666667 0.0275 0.03666666666666667
4 0.72375 0.2 0.0225 0.03
4 0.0125 0.2633333333333333 0.025 0.03333333333333333
4 0.24875 0.26166666666666666 0.0225 0.03
4 0.4425 0.08166666666666667 0.03 0.04
5 0.7325 0.5858333333333333 0.04 0.06166666666666667
5 0.49 0.4008333333333333 0.03 0.06166666666666667
5 0.06875 0.955 0.0425 0.06
5 0.25875 0.77 0.0425 0.06
5 0.58125 0.8308333333333333 0.0225 0.058333333333333334
5 0.545 0.08083333333333333 0.045 0.03833333333333333
5 0.63625 0.955 0.0375 0.06
5 0.06875 0.215 0.0425 0.06
5 0.925 0.07916666666666666 0.045 0.035
5 0.58625 0.8941666666666667 0.0325 0.06166666666666667
5 0.64 0.3983333333333333 0.045 0.056666666666666664
5 0.1075 0.5833333333333334 0.025 0.056666666666666664
5 0.91875 0.21583333333333332 0.0325 0.06166666666666667
5 0.8775 0.2758333333333333 0.045 0.058333333333333334
5 0.83 0.7616666666666667 0.045 0.043333333333333335
5 0.535 0.83 0.025 0.056666666666666664
5 0.40125 0.6941666666666667 0.0425 0.03166666666666667
5 0.1175 0.9541666666666667 0.045 0.058333333333333334
5 0.64 0.20333333333333334 0.045 0.03666666666666667
5 0.06 0.7066666666666667 0.025 0.056666666666666664
5 0.068125 0.32166666666666666 0.04125 0.02666666666666667
5 0.78375 0.9508333333333333 0.0475 0.051666666666666666
5 0.545 0.7683333333333333 0.045 0.056666666666666664
5 0.49125 0.09166666666666666 0.0325 0.06
5 0.26125 0.8258333333333333 0.0475 0.04833333333333333
5 0.83125 0.5791666666666667 0.0475 0.04833333333333333
5 0.86875 0.15333333333333332 0.0275 0.06
5 0.44875 0.03 0.0425 0.06
5 0.26125 0.6425 0.0475 0.051666666666666666
5 0.40375 0.5141666666666667 0.0475 0.041666666666666664
5 0.63375 0.03 0.0325 0.06
5 0.7825 0.27166666666666667 0.045 0.05
5 0.21125 0.4625 0.0425 0.06166666666666667
5 0.925 0.7691666666666667 0.045 0.058333333333333334
5 0.45 0.8266666666666667 0.045 0.05
5 0.63625 0.6466666666666666 0.0375 0.06
5 0.68875 0.7025 0.0475 0.04833333333333333
5 0.83 0.8925 0.045 0.058333333333333334
5 0.3075 0.265 0.045 0.03666666666666667
5 0.64 0.085 0.045 0.04666666666666667
5 0.67875 0.8941666666666667 0.0275 0.06166666666666667
5 0.11125 0.7091666666666666 0.0325 0.06166666666666667
5 0.0225 0.8233333333333334 0.045 0.043333333333333335
5 0.115 0.5233333333333333 0.04 0.06
5 0.68375 0.030833333333333334 0.0375 0.06166666666666667
5 0.83125 0.5158333333333334 0.0475 0.045
5 0.34875 0.8933333333333333 0.0325 0.06
5 0.35375 0.585 0.0425 0.06
5 0.10875 0.33916666666666667 0.0275 0.06166666666666667
5 0.68875 0.8225 0.0475 0.041666666666666664
5 0.72875 0.77 0.0325 0.06
5 0.06 0.09 0.025 0.056666666666666664
5 0.87875 0.8858333333333334 0.0475 0.045
5 0.11875 0.6375 0.0475 0.041666666666666664
5 0.5925 0.028333333333333332 0.045 0.056666666666666664
5 0.40125 0.8316666666666667 0.0425 0.06
5 0.16625 0.7641666666666667 0.0475 0.04833333333333333
5 0.3075 0.5091666666666667 0.045 0.03166666666666667
5 0.2025 0.028333333333333332 0.025 0.056666666666666664
5 0.355 0.9516666666666667 0.045 0.05333333333333334
6 0.5825 0.325 0.025 0.03333333333333333
6 0.77125 0.44666666666666666 0.0225 0.03
6 0.53375 0.015 0.0225 0.03
6 0.48875 0.5116666666666667 0.0275 0.03666666666666667
6 0.5375 0.39 0.03 0.04
6 0.775 0.14333333333333334 0.03 0.04
6 0.15375 0.07666666666666666 0.0225 0.03
6 0.1075 0.20166666666666666 0.025 0.03333333333333333
6 0.86625 0.385 0.0225 0.03
6 0.775 0.02 0.03 0.04
6 0.9625 0.7566666666666667 0.025 0.03333333333333333
6 0.06 0.14 0.025 0.03333333333333333
6 0.3925 0.016666666666666666 0.025 0.03333333333333333
6 0.53625 0.8816666666666667 0.0275 0.03666666666666667
6 0.205 0.39 0.03 0.04
6 0.44 0.14 0.025 0.03333333333333333
6 0.29875 0.5733333333333334 0.0275 0.03666666666666667
6 0.24875 0.5083333333333333 0.0225 0.03
6 0.345 0.7566666666666667 0.025 0.03333333333333333
6 0.77125 0.385 0.0225 0.03
7 0.39375 0.14166666666666666 0.0275 0.03666666666666667
7 0.2975 0.7566666666666667 0.025 0.03333333333333333
7 0.53625 0.635 0.0275 0.03666666666666667
7 0.72625 0.265 0.0275 0.03666666666666667
7 0.3475 0.39 0.03 0.04
7 0.06125 0.018333333333333333 0.0275 0.03666666666666667
7 0.25 0.4483333333333333 0.025 0.03333333333333333
7 0.01375 0.32666666666666666 0.0275 0.03666666666666667
7 0.5825 0.14 0.025 0.03333333333333333
7 0.1075 0.88 0.025 0.03333333333333333
7 0.72625 0.14166666666666666 0.0275 0.03666666666666667
7 0.25125 0.9433333333333334 0.0275 0.03666666666666667
7 0.3 0.02 0.03 0.04
7 0.34625 0.45 0.0275 0.03666666666666667
7 0.9125 0.9383333333333334 0.02 0.02666666666666667
7 0.63 0.5716666666666667 0.025 0.03333333333333333
7 0.86875 0.9433333333333334 0.0275 0.03666666666666667
7 0.775 0.5133333333333333 0.03 0.04
7 0.39375 0.5733333333333334 0.0275 0.03666666666666667
7 0.77125 0.8166666666666667 0.0225 0.03
7 0.6325 0.14333333333333334 0.03 0.04
7 0.345 0.016666666666666666 0.025 0.03333333333333333
7 0.1575 0.45166666666666666 0.03 0.04
7 0.87 0.6983333333333334 0.03 0.04
7 0.44125 0.5116666666666667 0.0275 0.03666666666666667
7 0.63125 0.82 0.0275 0.03666666666666667
7 0.63125 0.8816666666666667 0.0275 0.03666666666666667
7 0.58375 0.265 0.0275 0.03666666666666667
7 0.29625 0.44666666666666666 0.0225 0.03
7 0.25125 0.14166666666666666 0.0275 0.03666666666666667