0 0.734375 0.2125 0.04875 0.065
0 0.77625 0.29833333333333334 0.055 0.07333333333333333
0 0.72 0.36 0.0325 0.043333333333333335
0 0.205 0.8916666666666667 0.06 0.08
0 0.643125 0.3308333333333333 0.02625 0.035
0 0.351875 0.2525 0.02875 0.03833333333333333
0 0.7175 0.035 0.035 0.04666666666666667
0 0.544375 0.7783333333333333 0.05875 0.06
0 0.13875 0.35 0.0475 0.06666666666666667
0 0.786875 0.9383333333333334 0.08125 0.08666666666666667
0 0.69125 0.16583333333333333 0.0575 0.09166666666666666
0 0.77375 0.5558333333333333 0.0775 0.115
0 0.916875 0.9575 0.06125 0.065
0 0.0775 0.5858333333333333 0.0575 0.09166666666666666
0 0.51625 0.2833333333333333 0.085 0.13333333333333333
0 0.303125 0.5066666666666667 0.06375 0.09333333333333334
0 0.705625 0.705 0.08625 0.1
0 0.86 0.0925 0.0675 0.08166666666666667
0 0.740625 0.21833333333333332 0.04375 0.056666666666666664
0 0.43 0.49833333333333335 0.06 0.14666666666666667
0 0.113125 0.49666666666666665 0.06625 0.07
0 0.189375 0.8475 0.07375 0.06833333333333333
0 0.94875 0.7233333333333334 0.0475 0.10666666666666667
0 0.853125 0.5891666666666666 0.03875 0.10166666666666667
0 0.908125 0.5083333333333333 0.09375 0.10333333333333333
0 0.575625 0.66 0.10875 0.16
0 0.835625 0.19 0.09375 0.1
0 0.415625 0.4558333333333333 0.10125 0.12833333333333333
0 0.69125 0.125 0.0675 0.12666666666666668
0 0.119375 0.5475 0.05625 0.07833333333333334
0 0.278125 0.39416666666666667 0.04125 0.09166666666666666
0 0.41 0.8175 0.0775 0.085
0 0.585625 0.32666666666666666 0.11625 0.09333333333333334
0 0.273125 0.15 0.04875 0.056666666666666664
0 0.8275 0.9241666666666667 0.04 0.095
0 0.108125 0.535 0.07125 0.15333333333333332
0 0.3425 0.9125 0.03 0.07166666666666667
0 0.338125 0.5883333333333334 0.06375 0.11666666666666667
0 0.645625 0.23333333333333334 0.06375 0.11
0 0.413125 0.06 0.05125 0.043333333333333335
0 0.63625 0.6583333333333333 0.08 0.06333333333333334
0 0.745625 0.7016666666666667 0.02875 0.06666666666666667
0 0.865625 0.355 0.10375 0.10333333333333333
0 0.299375 0.07833333333333334 0.10875 0.14666666666666667
0 0.455 0.12416666666666666 0.065 0.145
0 0.149375 0.6633333333333333 0.06375 0.14333333333333334
0 0.925625 0.30916666666666665 0.10125 0.095
0 0.61625 0.205 0.1025 0.10333333333333333
0 0.23625 0.20333333333333334 0.0825 0.10333333333333333
0 0.114375 0.20916666666666667 0.06625 0.08833333333333333
0 0.06125 0.058333333333333334 0.0375 0.05
0 0.213125 0.5108333333333334 0.04625 0.06166666666666667
0 0.696875 0.8608333333333333 0.04625 0.06166666666666667
0 0.9275 0.18833333333333332 0.0325 0.043333333333333335
0 0.481875 0.3958333333333333 0.05125 0.06833333333333333
0 0.634375 0.9508333333333333 0.05875 0.07833333333333334
0 0.384375 0.37916666666666665 0.07375 0.09833333333333333
0 0.17875 0.43666666666666665 0.0575 0.07666666666666666
0 0.50375 0.3933333333333333 0.06 0.08
0 0.654375 0.06583333333333333 0.02875 0.03833333333333333
0 0.863125 0.4475 0.03125 0.041666666666666664
0 0.753125 0.2875 0.07875 0.105
0 0.316875 0.8258333333333333 0.05625 0.075
0 0.75125 0.8175 0.0675 0.06166666666666667
0 0.628125 0.9125 0.06125 0.125
0 0.716875 0.5216666666666666 0.11875 0.16
0 0.086875 0.17916666666666667 0.11875 0.085
0 0.6825 0.36666666666666664 0.05 0.06666666666666667
0 0.185 0.295 0.0625 0.08333333333333333
0 0.55125 0.5516666666666666 0.04 0.05333333333333334
0 0.921875 0.7925 0.06875 0.09166666666666666
0 0.800625 0.8441666666666666 0.02625 0.035
0 0.5175 0.5116666666666667 0.035 0.04666666666666667
0 0.143125 0.07083333333333333 0.06625 0.08833333333333333