0 0.53 0.013333333333333334 0.02 0.02666666666666667
1 0.77 0.6733333333333333 0.02 0.02666666666666667
1 0.13 0.06833333333333333 0.02 0.02666666666666667
2 0.73 0.8933333333333333 0.02 0.02666666666666667
2 0.41 0.5633333333333334 0.02 0.02666666666666667
2 0.53 0.28833333333333333 0.02 0.02666666666666667
2 0.93 0.5083333333333333 0.02 0.02666666666666667
2 0.41 0.3433333333333333 0.02 0.02666666666666667
2 0.17 0.9483333333333334 0.02 0.02666666666666667
3 0.85 0.13 0.02 0.04
3 0.49 0.405 0.02 0.04
3 0.81 0.735 0.02 0.04
3 0.53 0.515 0.02 0.04
3 0.81 0.35 0.02 0.04
3 0.05 0.79 0.02 0.04
3 0.65 0.185 0.02 0.04
3 0.05 0.02 0.02 0.04
3 0.13 0.955 0.02 0.04
3 0.85 0.57 0.02 0.04
3 0.69 0.625 0.02 0.04
3 0.41 0.79 0.02 0.04
4 0.89 0.9616666666666667 0.02 0.05333333333333334
4 0.61 0.13666666666666666 0.02 0.05333333333333334
4 0.09 0.5766666666666667 0.02 0.05333333333333334
4 0.05 0.08166666666666667 0.02 0.05333333333333334
4 0.25 0.7416666666666667 0.02 0.05333333333333334
4 0.13 0.9066666666666666 0.02 0.05333333333333334
4 0.53 0.24666666666666667 0.02 0.05333333333333334
4 0.37 0.8516666666666667 0.02 0.05333333333333334
4 0.05 0.6316666666666667 0.02 0.05333333333333334
4 0.13 0.02666666666666667 0.02 0.05333333333333334
4 0.01 0.7416666666666667 0.02 0.05333333333333334
4 0.17 0.6316666666666667 0.02 0.05333333333333334
4 0.33 0.5766666666666667 0.02 0.05333333333333334
4 0.97 0.6316666666666667 0.02 0.05333333333333334
4 0.49 0.13666666666666666 0.02 0.05333333333333334
4 0.33 0.19166666666666668 0.02 0.05333333333333334
4 0.65 0.08166666666666667 0.02 0.05333333333333334
4 0.45 0.02666666666666667 0.02 0.05333333333333334
4 0.01 0.6866666666666666 0.02 0.05333333333333334
4 0.05 0.3566666666666667 0.02 0.05333333333333334
4 0.73 0.19166666666666668 0.02 0.05333333333333334
4 0.21 0.3016666666666667 0.02 0.05333333333333334
4 0.13 0.3566666666666667 0.02 0.05333333333333334
4 0.65 0.02666666666666667 0.02 0.05333333333333334
4 0.45 0.4116666666666667 0.02 0.05333333333333334
4 0.53 0.7416666666666667 0.02 0.05333333333333334
4 0.85 0.9616666666666667 0.02 0.05333333333333334
4 0.17 0.5766666666666667 0.02 0.05333333333333334
4 0.05 0.4116666666666667 0.02 0.05333333333333334
4 0.41 0.6316666666666667 0.02 0.05333333333333334
4 0.81 0.23333333333333334 0.02 0.02666666666666667
4 0.57 0.28833333333333333 0.02 0.02666666666666667
4 0.41 0.3983333333333333 0.02 0.02666666666666667
4 0.25 0.28833333333333333 0.02 0.02666666666666667
4 0.61 0.9483333333333334 0.02 0.02666666666666667
4 0.89 0.7283333333333334 0.02 0.02666666666666667
4 0.53 0.6183333333333333 0.02 0.02666666666666667
4 0.21 0.9483333333333334 0.02 0.02666666666666667
4 0.33 0.013333333333333334 0.02 0.02666666666666667
4 0.77 0.5633333333333334 0.02 0.02666666666666667
4 0.73 0.7283333333333334 0.02 0.02666666666666667
4 0.65 0.3983333333333333 0.02 0.02666666666666667
4 0.29 0.013333333333333334 0.02 0.02666666666666667
4 0.85 0.8933333333333333 0.02 0.02666666666666667
5 0.37 0.5225 0.02 0.055
5 0.49 0.0825 0.02 0.055
5 0.62 0.4533333333333333 0.04 0.02666666666666667
5 0.7 0.9483333333333334 0.04 0.02666666666666667
6 0.17 0.3433333333333333 0.02 0.02666666666666667
6 0.57 0.013333333333333334 0.02 0.02666666666666667
7 0.57 0.3983333333333333 0.02 0.02666666666666667
7 0.09 0.6183333333333333 0.02 0.02666666666666667
7 0.57 0.6183333333333333 0.02 0.02666666666666667