0 0.36875 0.9266666666666666 0.0725 0.09666666666666666
0 0.341875 0.6841666666666667 0.06625 0.08833333333333333
0 0.55 0.18833333333333332 0.0575 0.07666666666666666
0 0.695625 0.9325 0.03125 0.041666666666666664
0 0.668125 0.1075 0.08125 0.10833333333333334
0 0.743125 0.08916666666666667 0.06875 0.09166666666666666
0 0.82375 0.5466666666666666 0.04 0.05333333333333334
0 0.1625 0.8516666666666667 0.085 0.12333333333333334
0 0.15875 0.2 0.065 0.08
0 0.65125 0.5908333333333333 0.0525 0.06166666666666667
0 0.3725 0.12833333333333333 0.1 0.14666666666666667
0 0.52625 0.5816666666666667 0.065 0.09666666666666666
0 0.551875 0.445 0.09125 0.13
0 0.7175 0.2625 0.05 0.07833333333333334
0 0.879375 0.9091666666666667 0.08375 0.08166666666666667
0 0.395625 0.915 0.04625 0.04666666666666667
0 0.204375 0.2275 0.05125 0.095
0 0.88125 0.9583333333333334 0.0475 0.08
0 0.275 0.4525 0.0325 0.051666666666666666
0 0.819375 0.535 0.06875 0.11666666666666667
0 0.635 0.4325 0.0625 0.14166666666666666
0 0.42125 0.1175 0.0975 0.06833333333333333
0 0.66375 0.7041666666666667 0.135 0.145
0 0.88375 0.16833333333333333 0.0525 0.05333333333333334
0 0.715625 0.16916666666666666 0.09375 0.07833333333333334
0 0.855 0.7991666666666667 0.0675 0.06166666666666667
0 0.77125 0.4558333333333333 0.06 0.115
0 0.7125 0.7366666666666667 0.085 0.15666666666666668
0 0.108125 0.7625 0.06125 0.09166666666666666
0 0.613125 0.8025 0.10625 0.16833333333333333
0 0.20125 0.49083333333333334 0.0775 0.135
0 0.2775 0.10416666666666667 0.07 0.08833333333333333
0 0.905625 0.35833333333333334 0.08875 0.14666666666666667
0 0.583125 0.8075 0.08625 0.14166666666666666
0 0.834375 0.6175 0.09375 0.11166666666666666
0 0.726875 0.6866666666666666 0.10875 0.16
0 0.333125 0.1275 0.11875 0.08833333333333333
0 0.689375 0.9433333333333334 0.07375 0.09666666666666666
0 0.45625 0.81 0.0475 0.09
0 0.155625 0.4116666666666667 0.04125 0.09
0 0.275625 0.8433333333333334 0.11375 0.10333333333333333
0 0.299375 0.745 0.04125 0.07333333333333333
0 0.24875 0.36583333333333334 0.09 0.08833333333333333
0 0.530625 0.8558333333333333 0.07125 0.06166666666666667
0 0.55375 0.8825 0.095 0.08166666666666667
0 0.825 0.27166666666666667 0.0475 0.09666666666666666
0 0.71 0.09916666666666667 0.0675 0.058333333333333334
0 0.24125 0.64 0.0925 0.13333333333333333
0 0.820625 0.6975 0.05625 0.07166666666666667
0 0.745625 0.5908333333333333 0.07125 0.095
0 0.6025 0.51 0.0575 0.07666666666666666
0 0.02125 0.645 0.0425 0.056666666666666664
0 0.70375 0.9583333333333334 0.0575 0.07666666666666666
0 0.556875 0.6825 0.05125 0.06833333333333333
0 0.956875 0.6541666666666667 0.04125 0.055
0 0.57125 0.86 0.0725 0.09666666666666666
0 0.90625 0.86 0.05 0.06666666666666667
0 0.16 0.6533333333333333 0.03 0.04
0 0.354375 0.2808333333333333 0.04375 0.058333333333333334
0 0.419375 0.2841666666666667 0.03875 0.051666666666666666
0 0.581875 0.19083333333333333 0.03125 0.041666666666666664
0 0.449375 0.8558333333333333 0.03125 0.041666666666666664
0 0.2075 0.5216666666666666 0.0425 0.056666666666666664
0 0.724375 0.085 0.08875 0.16333333333333333
0 0.881875 0.48083333333333333 0.08125 0.11833333333333333
0 0.8475 0.07583333333333334 0.115 0.11833333333333333
0 0.23 0.6683333333333333 0.0775 0.16666666666666666
0 0.225 0.09666666666666666 0.08 0.10666666666666667
0 0.5025 0.051666666666666666 0.0275 0.03666666666666667
0 0.083125 0.7741666666666667 0.07625 0.10166666666666667
0 0.028125 0.1525 0.03875 0.051666666666666666
0 0.39125 0.19 0.0375 0.05
0 0.59125 0.305 0.0375 0.05
0 0.60875 0.5466666666666666 0.0275 0.03666666666666667