0 0.478125 0.20416666666666666 0.05125 0.06833333333333333
0 0.2275 0.06666666666666667 0.0625 0.08333333333333333
0 0.18125 0.09833333333333333 0.055 0.07333333333333333
0 0.905 0.29 0.06 0.08
0 0.9375 0.49166666666666664 0.0225 0.03
0 0.176875 0.10083333333333333 0.05125 0.06833333333333333
0 0.078125 0.2991666666666667 0.02375 0.03166666666666667
0 0.619375 0.0925 0.03625 0.065
0 0.79875 0.08083333333333333 0.07 0.085
0 0.18125 0.2633333333333333 0.0375 0.06666666666666667
0 0.9425 0.7758333333333334 0.05 0.09833333333333333
0 0.21875 0.44416666666666665 0.04 0.045
0 0.8075 0.8133333333333334 0.06 0.06333333333333334
0 0.263125 0.5033333333333333 0.09625 0.12666666666666668
0 0.478125 0.415 0.05125 0.07
0 0.39 0.6575 0.0725 0.11166666666666666
0 0.671875 0.07333333333333333 0.05625 0.07666666666666666
0 0.174375 0.6383333333333333 0.08375 0.1
0 0.393125 0.4866666666666667 0.04125 0.056666666666666664
0 0.685625 0.7275 0.05375 0.095
0 0.615 0.1225 0.035 0.07166666666666667
0 0.508125 0.5566666666666666 0.07125 0.08
0 0.598125 0.08583333333333333 0.10125 0.11166666666666666
0 0.41125 0.21416666666666667 0.0825 0.125
0 0.8725 0.51 0.0925 0.16333333333333333
0 0.643125 0.7891666666666667 0.09125 0.08166666666666667
0 0.288125 0.52 0.06875 0.06333333333333334
0 0.61875 0.8908333333333334 0.045 0.058333333333333334
0 0.6975 0.15916666666666668 0.1225 0.12166666666666667
0 0.37125 0.7875 0.125 0.16166666666666665
0 0.87 0.5175 0.0675 0.14166666666666666
0 0.73125 0.8258333333333333 0.0725 0.11833333333333333
0 0.765 0.3258333333333333 0.055 0.085
0 0.28375 0.14333333333333334 0.0575 0.09
0 0.49875 0.22 0.0575 0.06666666666666667
0 0.505625 0.7241666666666666 0.10625 0.16166666666666665
0 0.6725 0.5008333333333334 0.1125 0.17833333333333334
0 0.9075 0.16416666666666666 0.035 0.07166666666666667
0 0.55375 0.6591666666666667 0.095 0.15833333333333333
0 0.153125 0.8541666666666666 0.03875 0.065
0 0.256875 0.4266666666666667 0.04125 0.07333333333333333
0 0.838125 0.2808333333333333 0.05375 0.055
0 0.779375 0.3541666666666667 0.07875 0.07833333333333334
0 0.249375 0.5008333333333334 0.08625 0.06833333333333333
0 0.33375 0.3416666666666667 0.0575 0.14
0 0.435625 0.26 0.06375 0.056666666666666664
0 0.668125 0.3875 0.08375 0.058333333333333334
0 0.1375 0.8558333333333333 0.0875 0.10833333333333334
0 0.29125 0.6083333333333333 0.0675 0.08
0 0.463125 0.43583333333333335 0.04625 0.06166666666666667
0 0.628125 0.8858333333333334 0.03125 0.041666666666666664
0 0.03875 0.42 0.0675 0.09
0 0.155 0.62 0.0275 0.03666666666666667
0 0.82375 0.8 0.0675 0.09
0 0.545 0.175 0.0425 0.056666666666666664
0 0.41375 0.6916666666666667 0.0725 0.09666666666666666
0 0.193125 0.5908333333333333 0.03875 0.051666666666666666
0 0.551875 0.35083333333333333 0.04625 0.06166666666666667
0 0.835 0.18166666666666667 0.085 0.11333333333333333
0 0.69875 0.13833333333333334 0.0425 0.056666666666666664
0 0.4475 0.5233333333333333 0.0325 0.043333333333333335
0 0.04 0.7666666666666667 0.0675 0.09
0 0.450625 0.4058333333333333 0.05125 0.06833333333333333
0 0.133125 0.6425 0.05625 0.135
0 0.145625 0.06833333333333333 0.08375 0.09333333333333334
0 0.64125 0.37166666666666665 0.09 0.1
0 0.238125 0.06416666666666666 0.05125 0.04833333333333333
0 0.496875 0.7975 0.03625 0.04833333333333333
0 0.72125 0.6966666666666667 0.05 0.06666666666666667
0 0.81 0.3016666666666667 0.0525 0.07
0 0.7675 0.325 0.0575 0.07666666666666666
0 0.336875 0.4275 0.02875 0.03833333333333333
0 0.363125 0.8908333333333334 0.03875 0.051666666666666666
0 0.18375 0.36333333333333334 0.055 0.07333333333333333