0 0.808125 0.7625 0.06375 0.085
0 0.170625 0.6625 0.03625 0.04833333333333333
0 0.31 0.735 0.07 0.09333333333333334
0 0.609375 0.3025 0.04125 0.055
0 0.9025 0.6966666666666667 0.05 0.06666666666666667
0 0.864375 0.8808333333333334 0.04625 0.06166666666666667
0 0.716875 0.7408333333333333 0.03875 0.051666666666666666
0 0.335625 0.2475 0.02375 0.045
0 0.28 0.19166666666666668 0.0575 0.056666666666666664
0 0.3325 0.20333333333333334 0.105 0.11666666666666667
0 0.59625 0.43333333333333335 0.0775 0.11
0 0.04 0.09833333333333333 0.045 0.06
0 0.08625 0.7675 0.065 0.09166666666666666
0 0.7925 0.8383333333333334 0.0575 0.1
0 0.621875 0.11416666666666667 0.05125 0.051666666666666666
0 0.2075 0.9058333333333334 0.04 0.04833333333333333
0 0.860625 0.9516666666666667 0.06625 0.08666666666666667
0 0.55875 0.515 0.045 0.06
0 0.665625 0.2733333333333333 0.09625 0.11666666666666667
0 0.493125 0.9166666666666666 0.03375 0.08
0 0.22375 0.17083333333333334 0.05 0.06166666666666667
0 0.3275 0.9041666666666667 0.1 0.12833333333333333
0 0.46125 0.7441666666666666 0.0975 0.08166666666666667
0 0.03875 0.6525 0.0425 0.08166666666666667
0 0.67875 0.17916666666666667 0.0725 0.085
0 0.909375 0.5633333333333334 0.12625 0.13333333333333333
0 0.48 0.06833333333333333 0.055 0.09666666666666666
0 0.89875 0.7816666666666666 0.06 0.09
0 0.060625 0.7691666666666667 0.10625 0.16166666666666665
0 0.07875 0.7058333333333333 0.085 0.07166666666666667
0 0.656875 0.6075 0.06125 0.04833333333333333
0 0.401875 0.3258333333333333 0.10375 0.14166666666666666
0 0.7625 0.5391666666666667 0.08 0.12166666666666667
0 0.243125 0.7691666666666667 0.12625 0.145
0 0.77375 0.5075 0.05 0.06166666666666667
0 0.1275 0.5558333333333333 0.0775 0.06166666666666667
0 0.14625 0.44666666666666666 0.07 0.056666666666666664
0 0.299375 0.8308333333333333 0.06125 0.12166666666666667
0 0.185 0.7166666666666667 0.055 0.12666666666666668
0 0.7675 0.05 0.0625 0.09666666666666666
0 0.9475 0.23083333333333333 0.09 0.09833333333333333
0 0.0675 0.10916666666666666 0.075 0.11166666666666666
0 0.081875 0.715 0.07875 0.10333333333333333
0 0.61375 0.3575 0.05 0.045
0 0.33375 0.1425 0.055 0.055
0 0.728125 0.45916666666666667 0.05125 0.095
0 0.211875 0.11083333333333334 0.08125 0.07166666666666667
0 0.691875 0.3466666666666667 0.12375 0.11
0 0.174375 0.1525 0.06375 0.12166666666666667
0 0.470625 0.4925 0.06375 0.085
0 0.971875 0.8708333333333333 0.04875 0.065
0 0.65 0.675 0.025 0.03333333333333333
0 0.028125 0.7641666666666667 0.04375 0.058333333333333334
0 0.94875 0.8583333333333333 0.05 0.06666666666666667
0 0.70125 0.7933333333333333 0.03 0.04
0 0.090625 0.5825 0.06625 0.08833333333333333
0 0.41 0.245 0.0675 0.09
0 0.868125 0.2708333333333333 0.04125 0.055
0 0.253125 0.2891666666666667 0.05875 0.07833333333333334
0 0.063125 0.5058333333333334 0.03125 0.041666666666666664
0 0.570625 0.7708333333333334 0.05625 0.075
0 0.19125 0.8383333333333334 0.0325 0.043333333333333335
0 0.619375 0.6558333333333334 0.04375 0.058333333333333334
0 0.95 0.465 0.075 0.08666666666666667
0 0.609375 0.31916666666666665 0.03875 0.07833333333333334
0 0.12125 0.6716666666666666 0.0475 0.03666666666666667
0 0.563125 0.5733333333333334 0.11875 0.10333333333333333
0 0.8425 0.5383333333333333 0.0525 0.07
0 0.525 0.9283333333333333 0.0575 0.07666666666666666
0 0.304375 0.47583333333333333 0.05375 0.07166666666666667
0 0.855625 0.6441666666666667 0.03375 0.045
0 0.913125 0.8958333333333334 0.05375 0.07166666666666667
0 0.641875 0.37416666666666665 0.06625 0.08833333333333333
0 0.466875 0.9241666666666667 0.03875 0.051666666666666666