0 0.27375 0.5583333333333333 0.0475 0.06333333333333334
0 0.615625 0.4675 0.02875 0.03833333333333333
0 0.913125 0.09583333333333334 0.07125 0.095
0 0.841875 0.36916666666666664 0.05875 0.07833333333333334
0 0.615625 0.7008333333333333 0.03625 0.04833333333333333
0 0.67125 0.08833333333333333 0.0625 0.08333333333333333
0 0.329375 0.7291666666666666 0.04125 0.055
0 0.955 0.39 0.05 0.08333333333333333
0 0.9325 0.8775 0.0475 0.06833333333333333
0 0.48 0.6416666666666667 0.095 0.12333333333333334
0 0.671875 0.7458333333333333 0.05625 0.065
0 0.51875 0.3933333333333333 0.0325 0.05333333333333334
0 0.64375 0.1 0.075 0.08666666666666667
0 0.13625 0.2866666666666667 0.04 0.07333333333333333
0 0.11125 0.21833333333333332 0.045 0.06
0 0.38625 0.09 0.0625 0.06666666666666667
0 0.615625 0.5316666666666666 0.05875 0.07333333333333333
0 0.160625 0.8316666666666667 0.04125 0.03666666666666667
0 0.555 0.4891666666666667 0.075 0.085
0 0.129375 0.8066666666666666 0.11875 0.17333333333333334
0 0.8975 0.8358333333333333 0.1175 0.15833333333333333
0 0.155 0.5158333333333334 0.085 0.09833333333333333
0 0.464375 0.255 0.07625 0.15
0 0.18375 0.7508333333333334 0.0675 0.06166666666666667
0 0.350625 0.15833333333333333 0.09125 0.17333333333333334
0 0.92375 0.6733333333333333 0.0725 0.14
0 0.084375 0.675 0.07375 0.06
0 0.840625 0.36583333333333334 0.11875 0.165
0 0.696875 0.5066666666666667 0.09125 0.14666666666666667
0 0.424375 0.75 0.08125 0.13333333333333333
0 0.67 0.4533333333333333 0.0525 0.056666666666666664
0 0.245625 0.5966666666666667 0.11125 0.11333333333333333
0 0.29375 0.2 0.065 0.05333333333333334
0 0.084375 0.4558333333333333 0.10375 0.13833333333333334
0 0.15 0.4708333333333333 0.05 0.11833333333333333
0 0.341875 0.20916666666666667 0.07625 0.06833333333333333
0 0.781875 0.4625 0.05125 0.045
0 0.530625 0.5933333333333334 0.06125 0.08333333333333333
0 0.235625 0.7833333333333333 0.12125 0.12333333333333334
0 0.058125 0.36833333333333335 0.09375 0.1
0 0.420625 0.3233333333333333 0.05875 0.06333333333333334
0 0.140625 0.07083333333333333 0.04875 0.06833333333333333
0 0.314375 0.6441666666666667 0.08625 0.14166666666666666
0 0.811875 0.19666666666666666 0.04875 0.056666666666666664
0 0.938125 0.7583333333333333 0.04875 0.08666666666666667
0 0.81625 0.6408333333333334 0.1325 0.155
0 0.4425 0.5416666666666666 0.1025 0.13333333333333333
0 0.275 0.6458333333333334 0.08 0.085
0 0.57625 0.47583333333333333 0.0525 0.07166666666666667
0 0.3675 0.8783333333333333 0.0425 0.056666666666666664
0 0.585625 0.17583333333333334 0.06125 0.08166666666666667
0 0.295625 0.6408333333333334 0.05125 0.06833333333333333
0 0.545625 0.2708333333333333 0.04125 0.055
0 0.8775 0.405 0.08 0.10666666666666667
0 0.83875 0.21166666666666667 0.0575 0.07666666666666666
0 0.606875 0.6125 0.03375 0.045
0 0.173125 0.2758333333333333 0.06375 0.085
0 0.351875 0.6891666666666667 0.06625 0.08833333333333333
0 0.07875 0.3566666666666667 0.05 0.06666666666666667
0 0.324375 0.20583333333333334 0.07625 0.10166666666666667
0 0.17 0.37666666666666665 0.0425 0.056666666666666664
0 0.455625 0.9241666666666667 0.05875 0.07833333333333334
0 0.905625 0.0775 0.05375 0.07166666666666667
0 0.96875 0.26166666666666666 0.04 0.09666666666666666
0 0.73125 0.15833333333333333 0.12 0.14333333333333334
0 0.57625 0.6016666666666667 0.085 0.07
0 0.679375 0.085 0.05875 0.12666666666666668
0 0.571875 0.30916666666666665 0.04875 0.065
0 0.9775 0.9433333333333334 0.04 0.05333333333333334
0 0.841875 0.5425 0.06375 0.085
0 0.71875 0.5766666666666667 0.07 0.09333333333333334
0 0.51875 0.42 0.0375 0.05
0 0.2275 0.2633333333333333 0.05 0.06666666666666667
0 0.965625 0.38916666666666666 0.02625 0.035