0 0.85625 0.08 0.0725 0.09666666666666666
0 0.345 0.47833333333333333 0.035 0.04666666666666667
0 0.849375 0.49416666666666664 0.03625 0.04833333333333333
0 0.734375 0.5491666666666667 0.07625 0.10166666666666667
0 0.85375 0.9683333333333334 0.0325 0.043333333333333335
0 0.871875 0.5608333333333333 0.05625 0.075
0 0.6125 0.17666666666666667 0.06 0.08
0 0.08875 0.4691666666666667 0.0625 0.075
0 0.303125 0.15333333333333332 0.07625 0.10666666666666667
0 0.0625 0.87 0.0625 0.056666666666666664
0 0.550625 0.8283333333333334 0.05875 0.06333333333333334
0 0.279375 0.8925 0.09625 0.095
0 0.125625 0.905 0.06875 0.09333333333333334
0 0.641875 0.6458333333333334 0.08375 0.095
0 0.220625 0.3625 0.09625 0.12833333333333333
0 0.64375 0.9391666666666667 0.0375 0.075
0 0.613125 0.36083333333333334 0.09625 0.12833333333333333
0 0.19625 0.08583333333333333 0.0325 0.065
0 0.955625 0.695 0.05375 0.09333333333333334
0 0.26125 0.135 0.06 0.11666666666666667
0 0.0575 0.4691666666666667 0.0575 0.06833333333333333
0 0.083125 0.4125 0.11375 0.13833333333333334
0 0.4325 0.8166666666666667 0.1175 0.13666666666666666
0 0.125625 0.0975 0.05625 0.06166666666666667
0 0.206875 0.44333333333333336 0.10875 0.07666666666666666
0 0.7375 0.4975 0.125 0.15833333333333333
0 0.531875 0.88 0.08625 0.10333333333333333
0 0.33 0.6691666666666667 0.1175 0.135
0 0.70375 0.6683333333333333 0.105 0.09666666666666666
0 0.7325 0.9216666666666666 0.0625 0.06
0 0.790625 0.6275 0.09375 0.12166666666666667
0 0.64375 0.805 0.085 0.14333333333333334
0 0.1325 0.7008333333333333 0.125 0.125
0 0.76625 0.4666666666666667 0.09 0.13333333333333333
0 0.611875 0.89 0.05875 0.13666666666666666
0 0.325625 0.8516666666666667 0.03875 0.09333333333333334
0 0.861875 0.5966666666666667 0.09875 0.11
0 0.656875 0.07416666666666667 0.11125 0.10166666666666667
0 0.623125 0.5966666666666667 0.06125 0.10333333333333333
0 0.2475 0.7025 0.0625 0.15166666666666667
0 0.924375 0.8016666666666666 0.04625 0.03666666666666667
0 0.521875 0.9033333333333333 0.05375 0.11666666666666667
0 0.79125 0.23833333333333334 0.07 0.11333333333333333
0 0.95125 0.8183333333333334 0.055 0.09666666666666666
0 0.284375 0.34833333333333333 0.08125 0.14666666666666667
0 0.555625 0.1025 0.11625 0.14833333333333334
0 0.895625 0.15333333333333332 0.10875 0.09
0 0.71125 0.155 0.1175 0.13333333333333333
0 0.401875 0.9483333333333334 0.05625 0.08666666666666667
0 0.4625 0.11166666666666666 0.035 0.04666666666666667
0 0.4625 0.815 0.06 0.08
0 0.521875 0.1025 0.06375 0.085
0 0.449375 0.8158333333333333 0.03875 0.051666666666666666
0 0.90875 0.8866666666666667 0.0725 0.09666666666666666
0 0.78625 0.5116666666666667 0.045 0.06
0 0.51 0.315 0.0525 0.07
0 0.253125 0.7491666666666666 0.05375 0.07166666666666667
0 0.2675 0.13 0.035 0.04666666666666667
0 0.853125 0.18916666666666668 0.04375 0.058333333333333334
0 0.039375 0.7191666666666666 0.05125 0.06833333333333333
0 0.66125 0.8366666666666667 0.07 0.09333333333333334
0 0.915 0.7 0.045 0.06
0 0.166875 0.7725 0.02875 0.03833333333333333
0 0.865 0.5741666666666667 0.0825 0.17166666666666666
0 0.3875 0.37333333333333335 0.06 0.056666666666666664
0 0.589375 0.9116666666666666 0.05375 0.14
0 0.626875 0.12083333333333333 0.04625 0.075
0 0.16 0.44666666666666666 0.0375 0.05
0 0.34625 0.905 0.03 0.04
0 0.343125 0.2758333333333333 0.06875 0.09166666666666666
0 0.090625 0.7891666666666667 0.03875 0.051666666666666666
0 0.113125 0.5241666666666667 0.03375 0.045
0 0.7925 0.31166666666666665 0.05 0.06666666666666667
0 0.63875 0.24166666666666667 0.075 0.1