0 0.804375 0.44583333333333336 0.06625 0.08833333333333333
0 0.32875 0.69 0.06 0.08
0 0.129375 0.5958333333333333 0.07875 0.105
0 0.05125 0.25833333333333336 0.0625 0.08333333333333333
0 0.18 0.9266666666666666 0.025 0.03333333333333333
0 0.07125 0.6333333333333333 0.055 0.07333333333333333
0 0.0575 0.5116666666666667 0.0825 0.11
0 0.220625 0.36916666666666664 0.08875 0.14166666666666666
0 0.31375 0.575 0.0725 0.11
0 0.7575 0.49333333333333335 0.07 0.07666666666666666
0 0.459375 0.6633333333333333 0.05375 0.10333333333333333
0 0.274375 0.4691666666666667 0.05875 0.085
0 0.83625 0.41583333333333333 0.05 0.09166666666666666
0 0.658125 0.6808333333333333 0.08125 0.08833333333333333
0 0.09125 0.435 0.0775 0.12
0 0.13875 0.27416666666666667 0.095 0.115
0 0.235625 0.09833333333333333 0.02625 0.05
0 0.954375 0.1175 0.05875 0.10833333333333334
0 0.681875 0.38416666666666666 0.03625 0.051666666666666666
0 0.24 0.1875 0.13 0.11833333333333333
0 0.605625 0.5483333333333333 0.10125 0.08666666666666667
0 0.5075 0.7408333333333333 0.1025 0.13166666666666665
0 0.0775 0.5958333333333333 0.065 0.08833333333333333
0 0.38375 0.1275 0.05 0.06166666666666667
0 0.765625 0.9291666666666667 0.05875 0.10166666666666667
0 0.159375 0.395 0.09875 0.13333333333333333
0 0.430625 0.4058333333333333 0.06625 0.055
0 0.49625 0.3475 0.095 0.09166666666666666
0 0.061875 0.8941666666666667 0.11125 0.08833333333333333
0 0.718125 0.4425 0.05875 0.085
0 0.38125 0.76 0.055 0.04666666666666667
0 0.623125 0.6641666666666667 0.08625 0.10166666666666667
0 0.895 0.3825 0.1175 0.09833333333333333
0 0.293125 0.7316666666666667 0.06375 0.11
0 0.450625 0.15833333333333333 0.05625 0.07666666666666666
0 0.486875 0.9075 0.11875 0.105
0 0.898125 0.7841666666666667 0.04625 0.11166666666666666
0 0.1825 0.16083333333333333 0.09 0.13166666666666665
0 0.19625 0.6941666666666667 0.0475 0.12166666666666667
0 0.456875 0.6941666666666667 0.06375 0.09166666666666666
0 0.27875 0.6275 0.05 0.065
0 0.325625 0.3775 0.05625 0.07833333333333334
0 0.85 0.13166666666666665 0.055 0.12666666666666668
0 0.293125 0.2825 0.12375 0.15166666666666667
0 0.21625 0.30083333333333334 0.06 0.06166666666666667
0 0.6075 0.1275 0.0925 0.07166666666666667
0 0.4325 0.725 0.0925 0.15
0 0.38875 0.6716666666666666 0.0425 0.03
0 0.720625 0.7158333333333333 0.13375 0.14833333333333334
0 0.79625 0.78 0.0375 0.05
0 0.90375 0.105 0.03 0.04
0 0.37375 0.055 0.03 0.04
0 0.811875 0.6025 0.05125 0.06833333333333333
0 0.35625 0.06833333333333333 0.03 0.04
0 0.54125 0.825 0.05 0.06666666666666667
0 0.15 0.455 0.0625 0.08333333333333333
0 0.943125 0.8091666666666667 0.06875 0.09166666666666666
0 0.483125 0.5075 0.05625 0.075
0 0.839375 0.4225 0.06625 0.08833333333333333
0 0.07 0.115 0.0325 0.043333333333333335
0 0.944375 0.09916666666666667 0.07625 0.10166666666666667
0 0.0325 0.7983333333333333 0.0425 0.056666666666666664
0 0.23875 0.84 0.065 0.08666666666666667
0 0.78375 0.9241666666666667 0.055 0.041666666666666664
0 0.15375 0.7908333333333334 0.11 0.125
0 0.306875 0.6833333333333333 0.07625 0.1
0 0.7125 0.059166666666666666 0.0575 0.10166666666666667
0 0.565625 0.21416666666666667 0.07625 0.10166666666666667
0 0.418125 0.07583333333333334 0.03375 0.045
0 0.973125 0.8925 0.03625 0.04833333333333333
0 0.133125 0.15083333333333335 0.08125 0.10833333333333334
0 0.686875 0.8375 0.03125 0.041666666666666664
0 0.87625 0.685 0.04 0.05333333333333334
0 0.1575 0.2866666666666667 0.0525 0.07