0 0.873125 0.29583333333333334 0.06375 0.085
0 0.93625 0.35 0.0675 0.09
0 0.813125 0.33916666666666667 0.02875 0.03833333333333333
0 0.784375 0.5858333333333333 0.04375 0.058333333333333334
0 0.923125 0.6391666666666667 0.04875 0.065
0 0.393125 0.4225 0.04125 0.055
0 0.253125 0.45416666666666666 0.03625 0.04833333333333333
0 0.406875 0.5941666666666666 0.08125 0.09833333333333333
0 0.594375 0.4175 0.07625 0.09166666666666666
0 0.46 0.30916666666666665 0.025 0.04833333333333333
0 0.74 0.7133333333333334 0.055 0.08
0 0.42125 0.15583333333333332 0.0775 0.10166666666666667
0 0.045625 0.6191666666666666 0.03625 0.065
0 0.7075 0.865 0.07 0.12333333333333334
0 0.46 0.3016666666666667 0.0375 0.07
0 0.045625 0.41333333333333333 0.06125 0.08
0 0.328125 0.7991666666666667 0.06625 0.085
0 0.124375 0.6966666666666667 0.03125 0.05333333333333334
0 0.74375 0.21833333333333332 0.055 0.05
0 0.809375 0.6916666666666667 0.09875 0.13333333333333333
0 0.72625 0.9175 0.045 0.10833333333333334
0 0.489375 0.9341666666666667 0.05375 0.075
0 0.366875 0.09416666666666666 0.09375 0.11166666666666666
0 0.6825 0.49916666666666665 0.055 0.04833333333333333
0 0.856875 0.4525 0.12625 0.125
0 0.326875 0.9291666666666667 0.10375 0.085
0 0.714375 0.7308333333333333 0.04625 0.058333333333333334
0 0.57375 0.385 0.0825 0.12666666666666668
0 0.7025 0.695 0.0875 0.07666666666666666
0 0.4575 0.785 0.0775 0.056666666666666664
0 0.359375 0.9291666666666667 0.04375 0.07166666666666667
0 0.633125 0.9158333333333334 0.05625 0.07833333333333334
0 0.289375 0.08416666666666667 0.09125 0.145
0 0.583125 0.8525 0.12125 0.115
0 0.705625 0.1175 0.04375 0.08166666666666667
0 0.255625 0.4508333333333333 0.09375 0.16833333333333333
0 0.704375 0.49083333333333334 0.09875 0.14166666666666666
0 0.9175 0.47833333333333333 0.0825 0.11666666666666667
0 0.6975 0.24583333333333332 0.075 0.07166666666666667
0 0.2725 0.8583333333333333 0.1025 0.11666666666666667
0 0.55 0.88 0.0925 0.16666666666666666
0 0.655625 0.4608333333333333 0.05375 0.095
0 0.244375 0.7366666666666667 0.07375 0.09666666666666666
0 0.214375 0.08166666666666667 0.08125 0.11333333333333333
0 0.799375 0.27416666666666667 0.08875 0.10166666666666667
0 0.375 0.28833333333333333 0.0875 0.11333333333333333
0 0.910625 0.2025 0.11625 0.12833333333333333
0 0.63 0.7633333333333333 0.0625 0.08666666666666667
0 0.48 0.47333333333333333 0.12 0.15333333333333332
0 0.355 0.46 0.0575 0.07666666666666666
0 0.595625 0.8975 0.04625 0.06166666666666667
0 0.8975 0.06333333333333334 0.045 0.06
0 0.379375 0.6108333333333333 0.07125 0.095
0 0.691875 0.2325 0.02875 0.03833333333333333
0 0.32125 0.8416666666666667 0.025 0.03333333333333333
0 0.2725 0.25666666666666665 0.05 0.06666666666666667
0 0.805625 0.1125 0.07375 0.09833333333333333
0 0.939375 0.4675 0.05875 0.07833333333333334
0 0.2525 0.045 0.035 0.04666666666666667
0 0.2025 0.5283333333333333 0.045 0.06
0 0.349375 0.4191666666666667 0.03875 0.051666666666666666
0 0.090625 0.3258333333333333 0.03375 0.045
0 0.79625 0.11333333333333333 0.0775 0.10333333333333333
0 0.9575 0.5358333333333334 0.08 0.06833333333333333
0 0.30875 0.38166666666666665 0.075 0.10666666666666667
0 0.3075 0.45 0.1275 0.15
0 0.0575 0.6025 0.0325 0.07833333333333334
0 0.135625 0.4675 0.03125 0.041666666666666664
0 0.079375 0.08416666666666667 0.07875 0.105
0 0.26625 0.47333333333333333 0.0825 0.11
0 0.151875 0.9241666666666667 0.03625 0.04833333333333333
0 0.1125 0.275 0.0475 0.06333333333333334
0 0.361875 0.1175 0.03125 0.041666666666666664
0 0.725625 0.08916666666666667 0.07375 0.09833333333333333