0 0.175 0.88 0.0825 0.11
0 0.580625 0.36916666666666664 0.06125 0.08166666666666667
0 0.0475 0.655 0.035 0.04666666666666667
0 0.546875 0.2875 0.03375 0.045
0 0.826875 0.19083333333333333 0.04375 0.058333333333333334
0 0.474375 0.39916666666666667 0.06625 0.08833333333333333
0 0.31875 0.685 0.0775 0.10333333333333333
0 0.409375 0.3933333333333333 0.10375 0.12666666666666668
0 0.47625 0.8866666666666667 0.0675 0.09666666666666666
0 0.178125 0.665 0.04625 0.05
0 0.75375 0.5441666666666667 0.085 0.095
0 0.286875 0.6441666666666667 0.05125 0.055
0 0.17875 0.6208333333333333 0.0375 0.055
0 0.089375 0.8116666666666666 0.04375 0.07333333333333333
0 0.03625 0.6125 0.05 0.06833333333333333
0 0.28125 0.09166666666666666 0.045 0.08666666666666667
0 0.4925 0.1375 0.0675 0.105
0 0.31 0.41833333333333333 0.0725 0.08666666666666667
0 0.52 0.6575 0.025 0.04833333333333333
0 0.438125 0.4075 0.10125 0.07166666666666667
0 0.34375 0.34 0.125 0.14
0 0.714375 0.9091666666666667 0.05375 0.055
0 0.54 0.7116666666666667 0.0825 0.12666666666666668
0 0.851875 0.75 0.09125 0.11333333333333333
0 0.560625 0.17 0.02875 0.06333333333333334
0 0.074375 0.385 0.04625 0.09333333333333334
0 0.7975 0.58 0.0675 0.09666666666666666
0 0.155625 0.09 0.10625 0.09333333333333334
0 0.11375 0.3616666666666667 0.0625 0.06333333333333334
0 0.105 0.26416666666666666 0.0775 0.12833333333333333
0 0.5225 0.3233333333333333 0.0775 0.056666666666666664
0 0.363125 0.20916666666666667 0.12375 0.155
0 0.330625 0.30666666666666664 0.12625 0.10666666666666667
0 0.756875 0.06666666666666667 0.02875 0.06333333333333334
0 0.751875 0.8141666666666667 0.11625 0.11166666666666666
0 0.64125 0.3075 0.0775 0.14166666666666666
0 0.9425 0.8533333333333334 0.05 0.05
0 0.92375 0.3983333333333333 0.1175 0.09
0 0.824375 0.4225 0.11875 0.145
0 0.505 0.08166666666666667 0.05 0.06333333333333334
0 0.305625 0.7775 0.10125 0.10166666666666667
0 0.450625 0.45666666666666667 0.12375 0.17
0 0.070625 0.0825 0.05375 0.09166666666666666
0 0.32 0.5108333333333334 0.06 0.13166666666666665
0 0.8925 0.7825 0.135 0.13833333333333334
0 0.518125 0.6808333333333333 0.07875 0.11166666666666666
0 0.665625 0.19333333333333333 0.05875 0.12666666666666668
0 0.49125 0.17166666666666666 0.0475 0.09
0 0.891875 0.0825 0.04625 0.03833333333333333
0 0.500625 0.7191666666666666 0.04375 0.058333333333333334
0 0.73375 0.635 0.0525 0.07
0 0.645625 0.8241666666666667 0.06625 0.08833333333333333
0 0.538125 0.6841666666666667 0.05125 0.06833333333333333
0 0.614375 0.5691666666666667 0.03375 0.045
0 0.265625 0.4558333333333333 0.02625 0.035
0 0.54 0.125 0.0375 0.05
0 0.235625 0.5808333333333333 0.05125 0.06833333333333333
0 0.058125 0.4841666666666667 0.07875 0.105
0 0.885625 0.9508333333333333 0.06125 0.08166666666666667
0 0.804375 0.5391666666666667 0.03625 0.04833333333333333
0 0.8925 0.30333333333333334 0.0625 0.08333333333333333
0 0.146875 0.1725 0.07375 0.09833333333333333
0 0.573125 0.1825 0.02625 0.035
0 0.129375 0.5758333333333333 0.06625 0.075
0 0.264375 0.30916666666666665 0.05125 0.035
0 0.940625 0.8025 0.10375 0.175
0 0.051875 0.7675 0.06875 0.06166666666666667
0 0.578125 0.7258333333333333 0.03125 0.041666666666666664
0 0.145625 0.3175 0.04125 0.055
0 0.72125 0.765 0.0825 0.11
0 0.333125 0.7158333333333333 0.06875 0.09166666666666666
0 0.425625 0.9141666666666667 0.08375 0.11166666666666666
0 0.130625 0.29583333333333334 0.08125 0.10833333333333334
0 0.570625 0.8425 0.05875 0.07833333333333334