0 0.910625 0.2175 0.06875 0.09166666666666666
0 0.46375 0.16333333333333333 0.0375 0.05
0 0.11875 0.5033333333333333 0.0575 0.07666666666666666
0 0.250625 0.22916666666666666 0.05375 0.07166666666666667
0 0.905625 0.25416666666666665 0.04375 0.058333333333333334
0 0.23 0.26166666666666666 0.0575 0.07666666666666666
0 0.50125 0.12166666666666667 0.06 0.08
0 0.699375 0.27166666666666667 0.06875 0.1
0 0.828125 0.245 0.06625 0.06
0 0.636875 0.09 0.08625 0.13
0 0.601875 0.655 0.04875 0.05333333333333334
0 0.76875 0.2783333333333333 0.0775 0.1
0 0.565625 0.1075 0.03375 0.051666666666666666
0 0.68375 0.31333333333333335 0.095 0.13333333333333333
0 0.79125 0.4658333333333333 0.0375 0.06833333333333333
0 0.12125 0.1875 0.0875 0.09166666666666666
0 0.096875 0.8116666666666666 0.04875 0.09666666666666666
0 0.160625 0.5933333333333334 0.04625 0.04666666666666667
0 0.225 0.8675 0.055 0.08833333333333333
0 0.300625 0.10916666666666666 0.05375 0.06166666666666667
0 0.7575 0.20333333333333334 0.0575 0.12333333333333334
0 0.30125 0.7166666666666667 0.135 0.15333333333333332
0 0.481875 0.2816666666666667 0.06875 0.056666666666666664
0 0.566875 0.17583333333333334 0.12125 0.11166666666666666
0 0.270625 0.5208333333333334 0.04625 0.08833333333333333
0 0.3175 0.21083333333333334 0.0825 0.145
0 0.92 0.0875 0.0825 0.09833333333333333
0 0.168125 0.2658333333333333 0.07125 0.10166666666666667
0 0.511875 0.5383333333333333 0.07375 0.13
0 0.38875 0.21833333333333332 0.13 0.11
0 0.2325 0.6216666666666667 0.0875 0.11333333333333333
0 0.59875 0.6541666666666667 0.1125 0.13166666666666665
0 0.21375 0.43916666666666665 0.0875 0.175
0 0.545 0.15583333333333332 0.0475 0.04833333333333333
0 0.1825 0.32416666666666666 0.085 0.15833333333333333
0 0.910625 0.8183333333333334 0.13125 0.12
0 0.24 0.10416666666666667 0.0525 0.075
0 0.584375 0.1525 0.05875 0.07166666666666667
0 0.785 0.3308333333333333 0.0575 0.11166666666666666
0 0.893125 0.3358333333333333 0.12125 0.17166666666666666
0 0.90875 0.8391666666666666 0.105 0.095
0 0.4675 0.6783333333333333 0.11 0.1
0 0.04875 0.49416666666666664 0.05 0.09166666666666666
0 0.290625 0.035 0.06625 0.04666666666666667
0 0.3175 0.44666666666666666 0.08 0.11
0 0.409375 0.8475 0.07375 0.145
0 0.379375 0.4166666666666667 0.09375 0.13666666666666666
0 0.899375 0.22166666666666668 0.10625 0.08666666666666667
0 0.970625 0.3616666666666667 0.03375 0.07666666666666666
0 0.2025 0.4816666666666667 0.0375 0.05
0 0.769375 0.7141666666666666 0.03875 0.051666666666666666
0 0.77875 0.4216666666666667 0.0625 0.08333333333333333
0 0.825625 0.2075 0.02625 0.035
0 0.85625 0.7633333333333333 0.0625 0.08333333333333333
0 0.49 0.925 0.04 0.05333333333333334
0 0.256875 0.1325 0.03875 0.051666666666666666
0 0.358125 0.7875 0.03875 0.051666666666666666
0 0.238125 0.6291666666666667 0.04875 0.065
0 0.9475 0.20666666666666667 0.0525 0.07
0 0.13125 0.10333333333333333 0.0775 0.10333333333333333
0 0.685 0.4216666666666667 0.065 0.08666666666666667
0 0.045625 0.9258333333333333 0.06125 0.08166666666666667
0 0.68625 0.03 0.0275 0.03666666666666667
0 0.65375 0.8066666666666666 0.0825 0.08333333333333333
0 0.861875 0.3325 0.11875 0.11166666666666666
0 0.77 0.7316666666666667 0.045 0.04666666666666667
0 0.72 0.04833333333333333 0.0675 0.06
0 0.65375 0.6666666666666666 0.0275 0.03666666666666667
0 0.170625 0.6541666666666667 0.03875 0.051666666666666666
0 0.72375 0.9266666666666666 0.0525 0.07
0 0.87 0.8366666666666667 0.0275 0.03666666666666667
0 0.309375 0.7475 0.06375 0.085
0 0.339375 0.24916666666666668 0.02625 0.035
0 0.28625 0.17666666666666667 0.035 0.04666666666666667