0 0.788125 0.6558333333333334 0.04125 0.055
0 0.654375 0.3541666666666667 0.02875 0.03833333333333333
0 0.2375 0.12 0.0275 0.03666666666666667
0 0.153125 0.16916666666666666 0.04125 0.055
0 0.941875 0.28583333333333333 0.06125 0.08166666666666667
0 0.054375 0.28583333333333333 0.03875 0.051666666666666666
0 0.765 0.7416666666666667 0.0275 0.03666666666666667
0 0.125625 0.6066666666666667 0.05625 0.08666666666666667
0 0.69875 0.48583333333333334 0.045 0.058333333333333334
0 0.63125 0.2966666666666667 0.055 0.06333333333333334
0 0.72375 0.028333333333333332 0.0425 0.05333333333333334
0 0.11125 0.62 0.0625 0.08666666666666667
0 0.11125 0.425 0.0525 0.08333333333333333
0 0.930625 0.8941666666666667 0.07125 0.08833333333333333
0 0.961875 0.8108333333333333 0.03375 0.055
0 0.766875 0.25333333333333335 0.04125 0.03666666666666667
0 0.118125 0.5541666666666667 0.07125 0.08166666666666667
0 0.92875 0.8366666666666667 0.0625 0.11666666666666667
0 0.35625 0.06666666666666667 0.07 0.09666666666666666
0 0.91375 0.16416666666666666 0.0825 0.14166666666666666
0 0.41 0.5733333333333334 0.1 0.13666666666666666
0 0.73 0.2425 0.095 0.085
0 0.38375 0.45 0.0925 0.07333333333333333
0 0.78 0.9483333333333334 0.125 0.1
0 0.18375 0.39666666666666667 0.12 0.10333333333333333
0 0.12625 0.4775 0.0375 0.08166666666666667
0 0.06 0.8625 0.045 0.09166666666666666
0 0.03375 0.2791666666666667 0.0475 0.065
0 0.956875 0.8766666666666667 0.05125 0.11666666666666667
0 0.854375 0.7883333333333333 0.05875 0.11
0 0.726875 0.26416666666666666 0.08875 0.10166666666666667
0 0.11 0.6941666666666667 0.09 0.13166666666666665
0 0.225625 0.8816666666666667 0.04375 0.06333333333333334
0 0.70375 0.6766666666666666 0.0725 0.12666666666666668
0 0.9575 0.7125 0.0675 0.09833333333333333
0 0.086875 0.4225 0.11625 0.08833333333333333
0 0.404375 0.41083333333333333 0.06375 0.095
0 0.48875 0.2791666666666667 0.08 0.12166666666666667
0 0.91375 0.1625 0.0575 0.04833333333333333
0 0.569375 0.39166666666666666 0.09625 0.12
0 0.880625 0.4058333333333333 0.02875 0.06166666666666667
0 0.84875 0.25416666666666665 0.085 0.14166666666666666
0 0.095 0.3425 0.125 0.12833333333333333
0 0.755 0.4091666666666667 0.1025 0.09833333333333333
0 0.1575 0.08333333333333333 0.075 0.08
0 0.62125 0.37166666666666665 0.08 0.08666666666666667
0 0.11 0.21166666666666667 0.035 0.07333333333333333
0 0.13625 0.375 0.0975 0.10333333333333333
0 0.40125 0.6991666666666667 0.1075 0.09166666666666666
0 0.216875 0.6658333333333334 0.07125 0.095
0 0.115 0.07666666666666666 0.04 0.05333333333333334
0 0.348125 0.28583333333333333 0.06375 0.085
0 0.309375 0.2608333333333333 0.06625 0.08833333333333333
0 0.360625 0.07916666666666666 0.05375 0.07166666666666667
0 0.28375 0.08166666666666667 0.025 0.03333333333333333
0 0.4775 0.5083333333333333 0.03 0.04
0 0.438125 0.14583333333333334 0.04125 0.055
0 0.093125 0.7908333333333334 0.05125 0.06833333333333333
0 0.36875 0.87 0.0675 0.09
0 0.411875 0.22583333333333333 0.04125 0.055
0 0.4925 0.8383333333333334 0.0525 0.07
0 0.82625 0.09666666666666666 0.04 0.05333333333333334
0 0.34 0.63 0.035 0.04666666666666667
0 0.306875 0.615 0.06625 0.08333333333333333
0 0.0975 0.16916666666666666 0.08 0.09833333333333333
0 0.64125 0.13666666666666666 0.085 0.08333333333333333
0 0.879375 0.5525 0.08625 0.12833333333333333
0 0.359375 0.9291666666666667 0.02875 0.03833333333333333
0 0.92875 0.12666666666666668 0.0425 0.056666666666666664
0 0.50625 0.95 0.03 0.04
0 0.53125 0.91 0.0525 0.07
0 0.671875 0.43083333333333335 0.04875 0.065
0 0.889375 0.26916666666666667 0.06875 0.09166666666666666
0 0.453125 0.4775 0.06875 0.09166666666666666