0 0.779375 0.45916666666666667 0.07125 0.095
0 0.891875 0.3625 0.06875 0.09166666666666666
0 0.694375 0.4175 0.02625 0.035
0 0.200625 0.3825 0.05375 0.07166666666666667
0 0.50125 0.24833333333333332 0.0525 0.07
0 0.539375 0.4825 0.07125 0.095
0 0.163125 0.8941666666666667 0.03625 0.04833333333333333
0 0.360625 0.5866666666666667 0.09125 0.09666666666666666
0 0.25875 0.37333333333333335 0.07 0.06333333333333334
0 0.343125 0.7525 0.04625 0.08166666666666667
0 0.2425 0.4175 0.0425 0.055
0 0.761875 0.8233333333333334 0.03625 0.03666666666666667
0 0.090625 0.13416666666666666 0.06125 0.08166666666666667
0 0.51125 0.355 0.055 0.056666666666666664
0 0.701875 0.8191666666666667 0.09875 0.11166666666666666
0 0.833125 0.6241666666666666 0.08125 0.09833333333333333
0 0.091875 0.8441666666666666 0.05125 0.08833333333333333
0 0.55 0.6016666666666667 0.1 0.13666666666666666
0 0.264375 0.7991666666666667 0.03625 0.035
0 0.19375 0.36833333333333335 0.1125 0.17
0 0.518125 0.7391666666666666 0.07375 0.051666666666666666
0 0.8775 0.15166666666666667 0.0275 0.06
0 0.945625 0.87 0.05875 0.05
0 0.6375 0.6308333333333334 0.0875 0.11166666666666666
0 0.92375 0.865 0.09 0.08333333333333333
0 0.4825 0.3591666666666667 0.025 0.065
0 0.766875 0.345 0.09875 0.10666666666666667
0 0.735 0.4216666666666667 0.0375 0.06666666666666667
0 0.71 0.10916666666666666 0.085 0.13833333333333334
0 0.35375 0.5341666666666667 0.0825 0.155
0 0.570625 0.4025 0.10125 0.13166666666666665
0 0.29125 0.12416666666666666 0.12 0.12833333333333333
0 0.45125 0.36 0.0375 0.06666666666666667
0 0.15875 0.43333333333333335 0.0475 0.09
0 0.28 0.6308333333333334 0.0925 0.15166666666666667
0 0.07625 0.5683333333333334 0.0425 0.09333333333333334
0 0.219375 0.74 0.12375 0.09
0 0.369375 0.44083333333333335 0.03375 0.08833333333333333
0 0.209375 0.39166666666666666 0.06875 0.08666666666666667
0 0.811875 0.5891666666666666 0.07875 0.15166666666666667
0 0.046875 0.5616666666666666 0.03875 0.07666666666666666
0 0.083125 0.19166666666666668 0.05375 0.09333333333333334
0 0.294375 0.705 0.05375 0.04666666666666667
0 0.76875 0.51 0.08 0.12
0 0.224375 0.5991666666666666 0.05625 0.08833333333333333
0 0.834375 0.18916666666666668 0.06625 0.13833333333333334
0 0.873125 0.9225 0.05625 0.051666666666666666
0 0.714375 0.37666666666666665 0.12375 0.09333333333333334
0 0.525625 0.4241666666666667 0.08625 0.10166666666666667
0 0.0825 0.5166666666666667 0.0575 0.07666666666666666
0 0.811875 0.5008333333333334 0.06875 0.09166666666666666
0 0.571875 0.7641666666666667 0.02625 0.035
0 0.4225 0.043333333333333335 0.0525 0.07
0 0.531875 0.7891666666666667 0.06375 0.085
0 0.703125 0.5441666666666667 0.04875 0.065
0 0.45125 0.675 0.04 0.05333333333333334
0 0.07375 0.14666666666666667 0.055 0.07333333333333333
0 0.33375 0.9233333333333333 0.04 0.05333333333333334
0 0.8925 0.7333333333333333 0.05 0.06666666666666667
0 0.595625 0.4841666666666667 0.04625 0.06166666666666667
0 0.84 0.855 0.0575 0.07666666666666666
0 0.725 0.12166666666666667 0.055 0.07333333333333333
0 0.691875 0.3958333333333333 0.08375 0.11166666666666666
0 0.2775 0.21666666666666667 0.1125 0.17666666666666667
0 0.18125 0.6533333333333333 0.0275 0.06333333333333334
0 0.885625 0.365 0.13125 0.13
0 0.299375 0.8858333333333334 0.12125 0.11166666666666666
0 0.171875 0.2075 0.05875 0.07833333333333334
0 0.024375 0.8675 0.04125 0.055
0 0.713125 0.4891666666666667 0.07625 0.10166666666666667
0 0.216875 0.14916666666666667 0.03625 0.04833333333333333
0 0.084375 0.7975 0.05875 0.07833333333333334
0 0.264375 0.4658333333333333 0.02625 0.035
0 0.821875 0.2758333333333333 0.05625 0.075