0 0.720625 0.4841666666666667 0.03125 0.041666666666666664
0 0.57375 0.075 0.0475 0.06333333333333334
0 0.924375 0.4558333333333333 0.03875 0.051666666666666666
0 0.213125 0.3641666666666667 0.02875 0.03833333333333333
0 0.36125 0.235 0.065 0.08666666666666667
0 0.74625 0.67 0.08 0.10666666666666667
0 0.173125 0.21916666666666668 0.07625 0.10166666666666667
0 0.495625 0.5233333333333333 0.03625 0.03666666666666667
0 0.046875 0.87 0.04875 0.09
0 0.840625 0.6575 0.06375 0.125
0 0.0575 0.16166666666666665 0.1025 0.10666666666666667
0 0.67625 0.155 0.065 0.09
0 0.0225 0.5375 0.0425 0.051666666666666666
0 0.635625 0.7633333333333333 0.04125 0.06333333333333334
0 0.239375 0.565 0.04625 0.06666666666666667
0 0.4275 0.31416666666666665 0.0725 0.095
0 0.876875 0.3383333333333333 0.05875 0.11333333333333333
0 0.340625 0.41333333333333333 0.04125 0.043333333333333335
0 0.308125 0.19916666666666666 0.07125 0.07833333333333334
0 0.11 0.5166666666666667 0.0775 0.09333333333333334
0 0.163125 0.3983333333333333 0.03125 0.06333333333333334
0 0.808125 0.4625 0.03125 0.07166666666666667
0 0.861875 0.3625 0.06625 0.09833333333333333
0 0.831875 0.2875 0.06125 0.07166666666666667
0 0.379375 0.2941666666666667 0.07375 0.09833333333333333
0 0.39375 0.33666666666666667 0.0825 0.07
0 0.906875 0.7033333333333334 0.06625 0.09
0 0.50625 0.8991666666666667 0.12 0.085
0 0.7225 0.18166666666666667 0.105 0.09
0 0.35375 0.795 0.0725 0.09333333333333334
0 0.595625 0.49166666666666664 0.12875 0.11333333333333333
0 0.756875 0.48083333333333333 0.10375 0.08166666666666667
0 0.500625 0.4975 0.03125 0.07833333333333334
0 0.62375 0.2575 0.045 0.08166666666666667
0 0.601875 0.3641666666666667 0.04875 0.07166666666666667
0 0.73 0.030833333333333334 0.05 0.045
0 0.28625 0.33166666666666667 0.09 0.08666666666666667
0 0.35125 0.12333333333333334 0.05 0.043333333333333335
0 0.2075 0.6216666666666667 0.0675 0.08
0 0.450625 0.8083333333333333 0.06625 0.15666666666666668
0 0.468125 0.5225 0.04375 0.03166666666666667
0 0.378125 0.22916666666666666 0.09375 0.075
0 0.573125 0.2125 0.11375 0.13833333333333334
0 0.5125 0.09666666666666666 0.0675 0.09666666666666666
0 0.53875 0.38333333333333336 0.12 0.09
0 0.665 0.13 0.09 0.08333333333333333
0 0.09625 0.3458333333333333 0.0575 0.04833333333333333
0 0.44875 0.5333333333333333 0.0925 0.15
0 0.06125 0.2841666666666667 0.115 0.16833333333333333
0 0.885 0.5033333333333333 0.08 0.10666666666666667
0 0.08625 0.4766666666666667 0.0325 0.043333333333333335
0 0.426875 0.9258333333333333 0.06625 0.08833333333333333
0 0.094375 0.0775 0.07625 0.10166666666666667
0 0.085 0.805 0.075 0.1
0 0.26 0.7116666666666667 0.0525 0.07
0 0.305625 0.25083333333333335 0.05875 0.07833333333333334
0 0.8375 0.5066666666666667 0.025 0.03333333333333333
0 0.27625 0.9433333333333334 0.0575 0.07666666666666666
0 0.08625 0.25333333333333335 0.0775 0.10333333333333333
0 0.673125 0.6741666666666667 0.03375 0.045
0 0.48375 0.11666666666666667 0.0625 0.08333333333333333
0 0.92625 0.26 0.085 0.11333333333333333
0 0.834375 0.5525 0.04125 0.055
0 0.680625 0.7925 0.05875 0.04833333333333333
0 0.866875 0.5558333333333333 0.03375 0.07166666666666667
0 0.718125 0.17833333333333334 0.09875 0.12333333333333334
0 0.2075 0.35833333333333334 0.075 0.07666666666666666
0 0.526875 0.5425 0.04125 0.055
0 0.05875 0.39666666666666667 0.0525 0.07
0 0.356875 0.4475 0.04375 0.058333333333333334
0 0.350625 0.41583333333333333 0.03375 0.045
0 0.57375 0.76 0.03 0.04
0 0.675625 0.37916666666666665 0.06625 0.08833333333333333
0 0.08375 0.715 0.07 0.09333333333333334