0 0.2325 0.235 0.04 0.05333333333333334
0 0.54875 0.8683333333333333 0.05 0.06666666666666667
0 0.313125 0.7958333333333333 0.02875 0.03833333333333333
0 0.241875 0.09583333333333334 0.03375 0.045
0 0.669375 0.6208333333333333 0.05375 0.07166666666666667
0 0.5075 0.445 0.05 0.06666666666666667
0 0.345 0.43666666666666665 0.0425 0.056666666666666664
0 0.049375 0.52 0.05375 0.09666666666666666
0 0.9625 0.59 0.0425 0.07
0 0.07625 0.8991666666666667 0.0625 0.09166666666666666
0 0.96125 0.1775 0.05 0.04833333333333333
0 0.27375 0.7341666666666666 0.065 0.09166666666666666
0 0.421875 0.605 0.06125 0.10666666666666667
0 0.291875 0.5675 0.08875 0.115
0 0.693125 0.21166666666666667 0.04125 0.05
0 0.43125 0.405 0.11 0.13333333333333333
0 0.2525 0.1775 0.0575 0.09166666666666666
0 0.058125 0.20333333333333334 0.08625 0.11666666666666667
0 0.515625 0.8625 0.03875 0.051666666666666666
0 0.126875 0.3016666666666667 0.07125 0.11666666666666667
0 0.9225 0.2075 0.08 0.06166666666666667
0 0.52625 0.9225 0.115 0.14166666666666666
0 0.0325 0.3283333333333333 0.0425 0.07666666666666666
0 0.3375 0.7841666666666667 0.075 0.08833333333333333
0 0.1925 0.31166666666666665 0.12 0.15333333333333332
0 0.389375 0.175 0.09625 0.08
0 0.4125 0.49416666666666664 0.055 0.145
0 0.66875 0.49416666666666664 0.0375 0.075
0 0.130625 0.056666666666666664 0.05125 0.08
0 0.844375 0.11333333333333333 0.10375 0.14333333333333334
0 0.79375 0.3425 0.05 0.11833333333333333
0 0.585 0.7225 0.075 0.135
0 0.971875 0.58 0.05125 0.04
0 0.5675 0.18333333333333332 0.0425 0.03666666666666667
0 0.191875 0.8858333333333334 0.04625 0.035
0 0.599375 0.8916666666666667 0.05125 0.07
0 0.698125 0.17333333333333334 0.10375 0.10333333333333333
0 0.09125 0.4775 0.0775 0.145
0 0.7625 0.9291666666666667 0.0575 0.051666666666666666
0 0.4125 0.7075 0.1125 0.085
0 0.805625 0.3641666666666667 0.05875 0.085
0 0.795625 0.49416666666666664 0.04875 0.03833333333333333
0 0.234375 0.3466666666666667 0.10625 0.15
0 0.779375 0.7733333333333333 0.06875 0.15333333333333332
0 0.801875 0.94 0.10375 0.11666666666666667
0 0.31875 0.22916666666666666 0.0575 0.14166666666666666
0 0.7725 0.3016666666666667 0.06 0.09
0 0.95125 0.05333333333333334 0.0525 0.09666666666666666
0 0.560625 0.2625 0.12125 0.125
0 0.26125 0.6533333333333333 0.0775 0.10333333333333333
0 0.140625 0.8358333333333333 0.03125 0.041666666666666664
0 0.681875 0.035833333333333335 0.03625 0.04833333333333333
0 0.71875 0.4033333333333333 0.0475 0.06333333333333334
0 0.483125 0.37583333333333335 0.05125 0.06833333333333333
0 0.894375 0.2025 0.03875 0.051666666666666666
0 0.043125 0.5441666666666667 0.04125 0.055
0 0.21375 0.335 0.07 0.09333333333333334
0 0.035 0.395 0.055 0.07333333333333333
0 0.715625 0.0525 0.03625 0.04833333333333333
0 0.235625 0.5741666666666667 0.03875 0.051666666666666666
0 0.785 0.775 0.0675 0.09
0 0.59 0.6433333333333333 0.0775 0.10333333333333333
0 0.82375 0.23166666666666666 0.05 0.06666666666666667
0 0.236875 0.5491666666666667 0.10625 0.10166666666666667
0 0.8875 0.17 0.045 0.09666666666666666
0 0.660625 0.7825 0.06625 0.075
0 0.965625 0.6758333333333333 0.04875 0.06166666666666667
0 0.226875 0.41583333333333333 0.04625 0.06166666666666667
0 0.636875 0.025833333333333333 0.03125 0.041666666666666664
0 0.16125 0.54 0.0725 0.09666666666666666
0 0.67125 0.38333333333333336 0.0325 0.043333333333333335
0 0.434375 0.8391666666666666 0.02875 0.03833333333333333
0 0.53625 0.13666666666666666 0.0575 0.07666666666666666
0 0.11375 0.8566666666666667 0.0725 0.09666666666666666