0 0.90875 0.25 0.045 0.06
0 0.551875 0.4241666666666667 0.03875 0.051666666666666666
0 0.085625 0.5875 0.05125 0.06833333333333333
0 0.4675 0.5266666666666666 0.0325 0.043333333333333335
0 0.419375 0.1725 0.03625 0.04833333333333333
0 0.4175 0.2966666666666667 0.0575 0.07666666666666666
0 0.899375 0.5041666666666667 0.07875 0.105
0 0.68375 0.6908333333333333 0.0925 0.09833333333333333
0 0.63875 0.3516666666666667 0.0525 0.07333333333333333
0 0.86625 0.93 0.035 0.03666666666666667
0 0.636875 0.8183333333333334 0.04375 0.08333333333333333
0 0.435 0.8266666666666667 0.085 0.09
0 0.96 0.86 0.055 0.05333333333333334
0 0.639375 0.2833333333333333 0.09625 0.12666666666666668
0 0.228125 0.08333333333333333 0.06625 0.06
0 0.615625 0.4866666666666667 0.06375 0.11333333333333333
0 0.915625 0.9283333333333333 0.06875 0.06666666666666667
0 0.23875 0.25583333333333336 0.1 0.10833333333333334
0 0.399375 0.4708333333333333 0.05625 0.085
0 0.715625 0.2783333333333333 0.07125 0.07666666666666666
0 0.551875 0.2941666666666667 0.10875 0.16833333333333333
0 0.73125 0.3933333333333333 0.07 0.10333333333333333
0 0.9625 0.7033333333333334 0.0725 0.12
0 0.31125 0.4841666666666667 0.055 0.085
0 0.7825 0.625 0.125 0.12333333333333334
0 0.145625 0.6575 0.11625 0.125
0 0.0725 0.14 0.105 0.14333333333333334
0 0.861875 0.6183333333333333 0.06375 0.09333333333333334
0 0.468125 0.30833333333333335 0.12625 0.12
0 0.40875 0.6783333333333333 0.0625 0.043333333333333335
0 0.06875 0.12916666666666668 0.07 0.125
0 0.228125 0.16833333333333333 0.09625 0.14666666666666667
0 0.071875 0.7258333333333333 0.05375 0.055
0 0.22625 0.8958333333333334 0.0825 0.135
0 0.07125 0.7175 0.0575 0.09166666666666666
0 0.571875 0.6158333333333333 0.05625 0.13833333333333334
0 0.723125 0.815 0.05875 0.06333333333333334
0 0.56625 0.5491666666666667 0.0825 0.12166666666666667
0 0.45875 0.3233333333333333 0.1075 0.09
0 0.185 0.8691666666666666 0.04 0.10833333333333334
0 0.06625 0.305 0.1125 0.13
0 0.496875 0.575 0.09625 0.12
0 0.035 0.13916666666666666 0.045 0.035
0 0.556875 0.48333333333333334 0.10625 0.07666666666666666
0 0.63625 0.365 0.075 0.12666666666666668
0 0.441875 0.5675 0.10375 0.14833333333333334
0 0.505 0.6766666666666666 0.04 0.06
0 0.215 0.8641666666666666 0.085 0.105
0 0.291875 0.25916666666666666 0.07875 0.17166666666666666
0 0.22 0.935 0.07 0.09333333333333334
0 0.854375 0.5591666666666667 0.04875 0.065
0 0.785 0.29833333333333334 0.065 0.08666666666666667
0 0.56 0.89 0.07 0.09333333333333334
0 0.238125 0.15083333333333335 0.05875 0.07833333333333334
0 0.240625 0.26416666666666666 0.08375 0.11166666666666666
0 0.05875 0.8766666666666667 0.0325 0.043333333333333335
0 0.370625 0.5125 0.03125 0.041666666666666664
0 0.309375 0.7325 0.08125 0.10833333333333334
0 0.074375 0.14083333333333334 0.08125 0.10833333333333334
0 0.32625 0.81 0.075 0.1
0 0.30375 0.13833333333333334 0.0275 0.03666666666666667
0 0.390625 0.22583333333333333 0.04875 0.065
0 0.15 0.4483333333333333 0.045 0.06
0 0.374375 0.6625 0.05625 0.06166666666666667
0 0.659375 0.12666666666666668 0.03375 0.06666666666666667
0 0.48125 0.47333333333333333 0.0975 0.14
0 0.414375 0.5358333333333334 0.06125 0.065
0 0.9075 0.8883333333333333 0.03 0.04
0 0.105 0.47 0.0575 0.07666666666666666
0 0.899375 0.6208333333333333 0.04125 0.055
0 0.865625 0.4025 0.05625 0.075
0 0.645 0.8816666666666667 0.035 0.04666666666666667
0 0.38125 0.275 0.065 0.08666666666666667
0 0.23625 0.65 0.0375 0.05